30 5 1

24766.52	24789.52	24731.68	24774.30	24774.30
24837.51

24715.84	24778.13	24708.42	24746.21	24746.21
24774.30

2476404	24784.15	24717.51	24754.06	24754.06
24746.21

24778.26	24850.91	24766.27	24782.29	24782.29
24754.06

24838.09	24852.44	24697.11	24726.65	24726.65
24782.29

24834.38	24850.11	24715.60	24754.75	24754.75
24726.65

24739.56	24876.07	24739.56	24792.20	24792.20
24754.75

24585.71	24688.62	24584.44	24651.74	24651.74
24792.20

24631.01	24672.48	24508.66	24508.66	24508.66
24651.74

24525.19	24666.02	24518.30	24585.43	24585.43
24508.66

24452.96	24552.97	24443.83	24504.80	24504.80
24585.43

24338.11	24389.72	24314.74	24386.03	24386.03
24504.80

24263.26	24330.12	24225.50	24329.16	24329.16
24386.03

24116.60	24262.88	24101.24	24211.48	24211.48
24329.16

24171.90	24229.35	24134.49	24140.91	24140.91
24211.48

24335.01	24349.74	24155.28	24180.64	24180.64
24140.91

24424.11	24534.04	24288.19	24290.05	24290.05
24180.64

24305.40	24322.06	23921.90	24231.59	24231.59
24290.05

24013.80	24327.82	24013.80	24272.35	24272.35
24231.59

23883.26	23959.76	23872.59	23940.68	23940.68
24272.35

23625.19	23849.61	23617.11	23836.71	23836.71
23940.68

23552.86	23638.92	23545.02	23580.78	23580.78
23836.71

23552.75	23599.18	23551.59	23557.99	23557.99
23580.78

23597.24	23605.77	23507.61	23526.18	23526.18
23557.99

23500.15	23617.80	23500.15	23590.83	23590.83
23526.18

23370.71	23456.88	23360.58	23430.33	23430.33
23590.83

23433.77	23433.77	23356.01	23358.24	23358.24
23430.33

23365.34	23492.19	23365.34	23458.36	23458.36
23358.24

23334.59	23344.99	23242.75	23271.28	23271.28
23458.36

23388.40	23414.08	23271.57	23409.47	23409.47
23271.28
