5 1 11
-6.635419045686649 -6.3994199488353605 -6.484110664258858 -6.296705711449549 -6.357277740104262 -6.2248028180481 -6.662425690119838 -6.627991454564803 -5.88380228474198 -4.471898297640789 -6.637995409350427 
-0.11074872492323143 1.3357018994221188 -1.5425270232696187 1.5416769933384182 -1.1523352098881476 -1.6161272530120505 -1.0341193820043761 -0.19722949186502906 2.731936271538353 12.759741722496015 -0.7307890951700736 
-0.530948920993847 0.5496550311521361 -0.4360650003059165 1.0160596398526693 -0.8768757485807925 -0.9242808062962862 0.44572842685963004 0.2009377278942869 1.4597998039087112 5.647306675568623 0.2878052078168106 
-0.5972503045440897 0.9038105218029785 -0.3563298557352328 0.9909560384749072 -0.11073511922787205 -0.33303277200581527 0.3483932791219139 -0.3806516524943691 1.1107244162947199 5.119243513497522 -0.2519914350323971 
0.28269645011171235 0.4067005798432589 -0.4228730737390215 0.33602561979315343 -0.6142538889096786 -0.529715344006762 0.3391713859974792 -0.3056729988775184 1.2703665991393578 5.141801464675109 -0.25071238379348976 
-0.1876785498882858 0.19248182984326404 0.04525192626097885 0.1927443697931642 -0.8420976389096028 -1.034465344006696 0.4720776359974792 -0.5936104988774985 0.9227103491394684 5.989207714675097 -0.17496238379349574 
0.19750424291785115 
-0.34244168216891313 
0.9896005780204144 
-0.8057326997661577 
1.1738493849702694 
-1.046464543114002 
-1.2679234420220398 
0.16498405598318888 
-0.37724572636928516 
1.9032538909911365 
2.9728421981043787 
-0.3346324513658717 
 23242.75 2476404  23271.28 24837.51  0.3807010545318296