25 50
1058 1072 1080 1083 1072 1085 1076 46 32 1055 1086 1089 1086 1083 32 1053 1086 1088 1074 1077 1075 1080 1080 32 1091 1073 1080 1090 32 1087 1088 1080 32 1074 1077 1089 1100 1084 1072 32 1087 1080 1082 1072 1085 1090 1085 1099 1093 0
1090 1072 1085 1086 1074 1080 1090 1100 32 1093 1086 1076 32 1080 1089 1089 1083 1077 1076 1086 1074 1072 1085 1080 1081 32 1050 1080 1088 1096 1072 32 1080 32 1085 1072 1081 1090 1080 32 1077 1075 1086 32 1091 1073 1080 1081 1094 1091
10 1053 1072 1089 1082 1086 1083 1100 1082 1086 32 1090 1103 1078 1077 1083 1072 32 1089 1091 1076 1100 1073 1072 32 1073 1080 1079 1085 1077 1089 1084 1077 1085 1086 1074 44 32 1074 32 1101 1087 1086 1093 1091 32 1089 1086 1094 1080
1048 1093 32 1095 1077 1090 1074 1077 1088 1086 46 32 1051 1077 1090 1095 1080 1082 32 1080 1079 32 1040 1085 1072 1076 1099 1088 1103 59 32 1079 1085 1072 1084 1077 1085 1080 1090 1099 1081 32 1080 1089 1082 1091 1089 1089 1090 0
1053 1077 1091 1085 1099 1074 1072 1102 1097 1080 1077 32 1082 1086 1089 1084 1086 1083 1077 1090 1095 1080 1082 1080 32 1086 1090 1084 1077 1095 1072 1102 1090 32 1053 1086 1074 1099 1081 32 1075 1086 1076 44 32 1091 1089 1090 1088 1072
1048 32 1095 1077 1075 1086 32 1101 1090 1086 32 1073 1091 1076 1077 1090 32 1089 1090 1086 1080 1090 1100 32 1087 1086 1083 1082 1086 1074 1085 1080 1082 1091 32 1041 1086 1083 1100 1096 1072 1082 1086 1074 1091 32 1080 0 0 0
1077 1075 1072 1083 1072 46 32 1057 1083 1086 1074 1085 1086 32 1082 1090 1086 45 1090 1086 32 1079 1072 1090 1077 1103 1083 32 1089 1086 32 1084 1085 1086 1081 32 1078 1077 1089 1090 1086 1082 1091 1102 32 1080 1075 1088 1091 0
1053 1080 1095 1077 1075 1086 32 1089 1077 1073 1077 32 1087 1077 1088 1076 1080 1084 1086 1085 1086 1082 1083 1100 33 32 1054 1082 1072 1079 1099 1074 1072 1077 1090 1089 1103 44 32 1088 1103 1076 1086 1084 32 1089 32 1076 1086 1084
1053 1086 1074 1072 1103 32 1080 1089 1090 1086 1088 1080 1103 32 1086 32 1088 1072 1073 1086 1090 1077 32 1085 1086 1088 1074 1077 1078 1089 1082 1086 1075 1086 32 1064 1077 1088 1083 1086 1082 1072 32 1061 1086 1083 1084 1089 1072 32
1052 1080 1083 1083 1080 1072 1088 1076 1077 1088 44 32 1092 1091 1090 1091 1088 1086 1083 1086 1075 32 1080 32 1074 1086 1080 1085 1089 1090 1074 1091 1102 1097 1080 1081 32 1072 1090 1077 1080 1089 1090 32 1069 1076 1074 1072 1088 1076
1042 32 1101 1090 1086 1084 32 1084 1080 1088 1077 32 1087 1088 1072 1074 1103 1090 32 1076 1088 1072 1082 1086 1085 1099 32 1080 32 1084 1072 1075 1080 1103 44 32 1072 32 1074 1077 1083 1080 1082 1080 1077 32 1082 1086 1088 1086
1056 1086 1073 1077 1088 1090 32 1051 1101 1085 1075 1076 1086 1085 32 1087 1088 1080 1073 1099 1074 1072 1077 1090 32 1074 32 1084 1091 1079 1077 1081 32 1043 1091 1075 1075 1077 1085 1093 1072 1081 1084 1072 32 1074 32 1041 1080 1083
1056 1086 1073 1077 1088 1090 32 1051 1101 1085 1075 1076 1086 1085 32 1087 1088 1080 1073 1099 1074 1072 1077 1090 32 1074 32 1084 1091 1079 1077 1081 32 1043 1091 1075 1075 1077 1085 1093 1072 1081 1084 1072 32 1074 32 1041 1080 1083
1052 1080 1083 1083 1080 1072 1088 1076 1077 1088 32 1080 32 1082 1086 1084 1087 1100 1102 1090 1077 1088 1085 1099 1081 32 1075 1091 1088 1091 44 32 1086 1085 32 1080 1079 1074 1077 1089 1090 1077 1085 32 1089 1074 1086 1080 1084 1080
1048 1079 1076 1088 1077 1074 1083 1077 32 1085 1072 1096 1072 32 1057 1086 1083 1085 1077 1095 1085 1072 1103 32 1089 1080 1089 1090 1077 1084 1072 32 1085 1072 1093 1086 1076 1080 1090 1089 1103 32 1085 1072 32 1053 1077 1081 1090 1088
1061 1072 1088 1088 1080 32 1061 1086 1083 1077 32 1074 1099 1096 1077 1083 32 1085 1072 32 1083 1077 1089 1090 1085 1080 1094 1091 32 1080 32 1089 1086 1097 1091 1088 1080 1083 1089 1103 32 1085 1072 32 1103 1088 1082 1086 1084 32
1055 1077 1088 1077 1076 32 1074 1072 1084 1080 32 8211 32 1076 1086 1083 1075 1086 1078 1076 1072 1085 1085 1086 1077 32 1087 1088 1086 1076 1086 1083 1078 1077 1085 1080 1077 32 1083 1077 1075 1077 1085 1076 1072 1088 1085 1086 1081 32
1057 1074 1086 1077 1086 1073 1088 1072 1079 1085 1099 1081 32 1072 1085 1090 1080 1087 1086 1076 32 1074 1090 1086 1088 1086 1081 32 1074 1077 1083 1080 1082 1086 1081 32 1072 1085 1090 1080 1091 1090 1086 1087 1080 1080 32 88 88 32
171 52 53 49 176 32 1087 1086 32 1060 1072 1088 1077 1085 1075 1077 1081 1090 1091 187 32 8211 32 1088 1086 1084 1072 1085 44 32 1087 1088 1080 1085 1077 1089 1096 1080 1081 32 1087 1080 1089 1072 1090 1077 1083 1102 32 1084
1051 1077 1074 32 1053 1080 1082 1086 1083 1072 1077 1074 1080 1095 32 1058 1086 1083 1089 1090 1086 1081 32 8211 32 1088 1091 1089 1089 1082 1080 1081 32 1087 1080 1089 1072 1090 1077 1083 1100 44 32 1082 1083 1072 1089 1089 1080 1082
1053 1072 1093 1086 1076 1080 1074 1096 1080 1081 1089 1103 32 1074 32 1057 1090 1072 1084 1073 1091 1083 1077 32 1074 1077 1083 1080 1082 1080 1081 32 1089 1099 1097 1080 1082 32 1069 1088 1082 1102 1083 1100 32 1055 1091 1072 1088 1086
1048 1093 32 1095 1077 1090 1074 1077 1088 1086 46 32 1051 1077 1090 1095 1080 1082 32 1080 1079 32 1040 1085 1072 1076 1099 1088 1103 59 32 1079 1085 1072 1084 1077 1085 1080 1090 1099 1081 32 1080 1089 1082 1091 1089 1089 1090 1074
1041 1086 1073 1088 1086 1074 32 1080 32 1052 1072 1088 1090 1072 32 1087 1086 45 1087 1088 1077 1078 1085 1077 1084 1091 32 1074 1084 1077 1089 1090 1077 46 32 1053 1086 32 1101 1090 1086 32 1086 1073 1089 1090 1086 1103 1090 1077
1042 32 1084 1072 1075 1072 1079 1080 1085 1095 1080 1082 1077 32 171 1053 1072 1088 1086 1076 1085 1099 1081 32 1087 1088 1086 1084 1099 1089 1077 1083 187 32 1074 32 1089 1077 1083 1077 32 1057 1086 1082 1086 1083 1100 1085 1080 1095
1050 1086 1075 1076 1072 32 1093 1086 1095 1077 1090 1089 1103 32 1083 1102 1073 1074 1080 8230 32 1050 1086 1075 1076 1072 32 1090 1099 32 1080 1079 1084 1091 1095 1077 1085 32 1086 1076 1080 1085 1086 1095 1077 1089 1090 1074 1086 1084
