6 5 

-9.066448468907652 -1.3954480009736911 -5.057175832209091 1.52327930373016 0.8138930292094093 
3.875850700361918 -3.2028909494946345 -3.24138477544195 -5.85420907964926 5.715087177256392 
2.0028931360086166 9.259202222884799 1.3726534054732251 -8.595411067185648 -9.24221355919019 
-3.2294532195707264 -8.69491152005218 12.88888443957432 -4.840563003727546 -6.071925304874976 
0.8270078374526966 -5.884226017598901 -0.6995680199765119 7.606193026827927 -8.213877355876575 
9.690872103153346 -5.075179050582559 -3.101361986222305 -7.201559510511505 0.14304612178516818 

 0 8230 0 1 
