51 5 

-0.6969665991601763 1.62665749246816 -1.5039602015854818 0.888555469573278 0.5421156025106414 
1.4119538679522885 -0.5836143016635937 -5.463178597673874 0.025798088578713005 1.652744923552637 
-0.28774361915115404 3.3336436699482 1.0426927428662456 -1.4805026996441446 -0.35234352890847376 
3.3526834499499105 1.9832738999110777 0.11546504030052267 -5.440482637618962 3.401123274150385 
0.2340455414850891 -0.14411340169907313 -2.1473308057274614 -0.09014093758981209 0.15016131863501642 
0.23741727547817956 0.3125526407543014 -1.157510862056825 -0.06581301464807905 0.6169280964067024 
0.5523626866875907 -5.7118706389374605 4.396845635446239 0.9828615040216655 -0.007504937914714467 
-3.968481439784408 -2.0595927419461653 4.424077723977122 -2.3416546120977104 -12.085960026033222 
-1.4135497244152242 -2.6740980897543483 -0.4806101610360617 -2.008173614256478 -6.378485956660767 
-1.9167620494779816 1.2743590011465822 3.1173805516535897 0.44648938998624177 -3.050064604007025 
-0.059206615177672395 0.5448276848804108 0.039011731422746866 0.3301388162576208 0.2190510783891088 
1.215219385220733 -1.1030101341102174 0.1344907930157621 -1.543803950924401 2.1090215666739685 
-5.019906427040742 9.46663498219847 -2.3680272358929377 -0.054253658106542334 -1.9529283830128352 
5.175831238136292 -6.961311856609022 -7.720682076049204 1.0938892172829753 6.95579586432245 
-1.3226521644453682 3.1090921343328 4.323326520330918 -0.102133953422239 -0.21426610223433812 
4.663305782831774 1.5376575447923533 -6.391052481269759 -7.840164801226349 0.641089400872713 
1.3975679274163415 -2.872243242412462 1.7211538973781226 1.786761000586272 2.38902897680641 
-0.1989981474736114 -3.3820256994015625 0.44138201713190633 -0.7297568368919437 -2.204637825266398 
1.9069254677093441 -0.35787489601080763 -3.4529040558831645 -4.421575641133767 -1.9141394900646256 
-0.04921950425764532 5.374154149181962 3.2840289695861316 0.5938217752027459 3.8473132961840686 
-0.6270157906657974 -3.9535625264607828 -1.4067333652221425 4.013901394685773 -0.33819092946734103 
-0.2135381232180718 -1.8503971321082109 -4.130710631878963 -2.553405705016621 -1.9943819540782366 
-1.5133387629472175 7.132698262031501 6.722353197561091 0.6863152228117456 -0.12085065684468546 
1.1160393072696861 -3.165868164080585 -1.1463035873407317 0.7269692143847714 2.361929057869541 
-5.054323379613347 4.632733390779066 3.7276864317799907 0.991933242051916 -7.513589158749326 
-2.1455515219046775 -0.07432595622725903 -1.9460790243389774 1.7253086495964658 -3.586271864370888 
0.756105787190267 -10.132180023603848 4.121987743582968 -1.2240339385916121 -3.7521098406429902 
-1.3704559451472105 7.453936503682158 5.661130006333279 3.718909775647721 4.052754226668341 
-0.1421152194718674 -2.164547013457546 -4.416710934328895 -1.0322580978802591 -2.5602947503045086 
-3.534248415368189 -1.668559234332335 1.890065401096913 3.5803462740280856 -2.8876686187036684 
3.7259956811776602 1.904068257909538 0.6132424783424647 -5.987133656710952 3.8976583843755943 
2.6168555989401248 -2.104499434606362 4.21927832689162 -4.213738394478048 0.18600872404985144 
-0.8816496118710182 -1.2487062942016434 -3.4968912816261786 6.714816817923757 2.7590650152314438 
0.9533006430306046 1.127407824357616 0.5209081597758662 -3.2981960300621083 -4.112352457743834 
3.9218413063979307 5.830512300160923 6.812082839558632 -4.376193952380794 7.579042497512031 
-0.2635328752158982 -0.9388635438161906 5.082220058486493 2.0968690692178713 1.1254508787834707 
-0.02388150711003478 3.0112978485415853 -0.9937427158269093 -0.7290682724052021 1.6486933837819235 
-1.9212298701621402 2.1846964221678857 -4.0735419373902335 3.902104981557249 0.7817811392053747 
2.793825206350235 -3.858400597523518 -7.956743533590635 -1.92003613565791 1.5554520025274232 
-0.21748184861550018 -5.869147274723307 -0.08256476735278302 -2.820606057239508 -5.222880416154162 
-1.3101788697338914 -2.493243171039366 -1.273073129177196 0.8010720348131556 -3.633139759910149 
4.442501475504267 0.014314704902871745 1.788591519656984 -3.4856894853847376 5.534412551148465 
1.4184934281548167 9.081344816822213 2.193859264512947 -3.749477569559162 5.698617400611546 
0.9394909400816192 -2.7028469210169046 0.21903088910165985 1.3117357697472563 2.14074462048155 
-3.480073431748165 1.9693344138002546 7.4237160098460935 8.105905528772722 3.9732035385325304 
-7.168607535330388 3.750094075822316 -1.5990284620587354 5.242766034158001 -9.01185539777674 
-3.070728591456694 0.15988998659941597 -3.255978715806405 3.216539996595718 -3.4264298734401026 
0.3193328225311719 -4.559952212402695 -2.1057922998537824 0.16365465852768968 -1.9482393050161826 
0.27194061206514897 -1.8728948043107705 -4.919886186317778 -0.9884549752756112 -1.872725133329968 
0.5345847267829662 -2.199202836763626 -5.865425200732231 -1.8592502811038025 -1.4638122798454327 
0.7883945951245357 -10.37146734915577 -0.5544382367317465 -4.740066510717325 -8.133821158411577 

 0 8230 0 1 
