3 1 7
-1.2969770201956068 -0.6238492994289975 -1.371855024701333 10.299435933641679 -1.011701165868165 -2.0420627948262373 -0.27057679337149226 
-2.4337829914325253 -0.48250340186755236 -2.4641743092475616 -3.397674332747026 0.6418412934177138 1.3694224811977607 -3.9151005151745397 
-2.680493092700622 -0.5604922011421463 -1.9980114191522274 -3.439436927262052 0.4631178757966421 1.4714709376314803 -4.106819734426617 
-2.3463611253903807 -0.8541235567827634 -2.238557167699483 -3.3974207009820403 0.5955117844844959 1.380946710882257 -4.0656247405377455 
3.7262252212603437 
-2.578183825444289 
-0.2876237089722443 
-2.336111296357796 
-5.8539715514470405 
1.6090893829645052 
2.8511392959053343 
-4.25886208705086 
 -49.9295 59.9933  -135.743 162.416 