30 7 1

06 220.000 500 1 1 3 1
7000

09 150.000 1000 2 2 2 1
5000

15 3150000 1500 2 3 1 1
4000

03 125.000 500 1 4 2 1
8000

13 61.000 1500 1 5 2 1
9000

14 79.000 1500 1 6 2 1
8090

08 18150000 1500 1 7 2 1
6843

08 81.000 1000 1 8 4 1
9876

82 120.000 128 1 8 3 3
2000

91 60.000 128 1 9 2 1
9796

83 90.000 500 1 10 5 2
1500

80 20.000 500 1 8 5 2
2000

82 10.000 500 1 12 6 2
1000

86 2150000 500 1 10 5 2
700

74 10.000 1500 1 8 2 4
4000

78 46.834 500 1 10 5 2
2023

90 5.678 500 1 8 2 2
1243
 
88 250.000 1500 2 13 2 2
100

80 50.000 2000 1 11 7 1
300

64 100.000 1000 1 10 5 2
50

90 1.000 500 1 10 8 4
1000

98 325.400 2000 1 13 1 1
1122

02 70.000 1500 1 9 1 1
1032
 
05 188.000 1500 5 12 8 1 
3000

09 57.000 1500 1 1 7 1
10000

10 69.000 1000 10 11 1 1
15000
 
11 11150000 1500 7 14 4 1
3000

12 123.000 1500 2 15 7 1 
3434

91 3.000 500 2 8 2 1
213
 
08 10150000 1000 1 16 7 1
2000
