233 3 1
4s 16 5
1213
4s 16 4
950
4s 16 3
694
4s 16 2
555
4s 16 1
319
4s 32 5
1360
4s 32 4
1065
4s 32 3
778
4s 32 2
622
4s 32 1
358
4s 64 5
1691
4s 64 4
1324
4s 64 3
968
4s 64 2
774
4s 64 1
446
4s 8 5
1029
4s 8 4
806
4s 8 3
589
4s 8 2
471
4s 8 1
271
5 16 6
2480
5 16 5
2058
5 16 4
1612
5 16 3
1178
5 16 2
942
5 16 1
542
5 32 6
2834
5 32 5
3352
5 32 4
1842
5 32 3
1346
5 32 2
1077
5 32 1
619
5 64 6
3100
5 64 5
2573
5 64 4
2015
5 64 3
1473
5 64 2
1178
5 64 1
677
5s 16 6
3050
5s 16 5
2532
5s 16 4
1983
5s 16 3
1449
5s 16 2
1159
5s 16 1
667
5s 32 6
3280
5s 32 5
2722
5s 32 4
2132
5s 32 3
1558
5s 32 2
1246
5s 32 1
716
5s 64 6
3650
5s 64 5
3030
5s 64 4
2373
5s 64 3
1734
5s 64 2
1387
5s 64 1
798
5c 16 5
1838
5c 16 4
1439
5c 16 3
1052
5c 16 2
842
5c 16 1
484
5c 32 6
2480
5c 32 5
2058
5c 32 4
1612
5c 32 3
1178
5c 32 2
942
5c 32 1
542
5c 8 5
1617
5c 8 4
1266
5c 8 3
925
5c 8 2
740
5c 8 1
426
6 128 6
7820
6 128 5
6491
6 128 4
5083
6 128 3
3715
6 128 2
2972
6 128 1
1709
6 16 6
5215
6 16 5
4328
6 16 4
3390
6 16 3
2478
6 16 2
1982
6 16 1
1139
6 64 6
6330
6 64 5
5254
6 64 4
4115
6 64 3
3007
6 64 2
2405
6 64 1
1383
6+ 128 6
8195
6+ 128 5
6802
6+ 128 4
5327
6+ 128 3
3893
6+ 128 2
3114
6+ 128 1
1791
6+ 16 6
6705
6+ 16 5
5565
6+ 16 4
4358
6+ 16 3
3185
6+ 16 2
2548
6+ 16 1
1465
6+ 64 6
7300
6+ 64 5
6059
6+ 64 4
4745
6+ 64 3
3468
6+ 64 2
2774
6+ 64 1
1565
6 32 6
6330
6 32 5
5254
6 32 4
4115
6 32 3
3007
6 32 2
2405
6 32 1
1383
6s 128 6
10800
6s 128 5
8964
6s 128 4
7020
6s 128 3
5130
6s 128 2
4104
6s 128 1
2360
6s 16 6
7500
6s 16 5
6225
6s 16 4
4875
6s 16 3
3563
6s 16 2
2850
6s 16 1
1639
6s 32 6
8200
6s 32 5
6806
6s 32 4
5330
6s 32 3
3895
6s 32 2
3116
6s 32 1
1792
6s 64 6
9200
6s 64 5
7636
6s 64 4
5980
6s 64 3
4370
6s 64 2
3496
6s 64 1
2010
6s+ 128 6
12400
6s+ 128 5
10292
6s+ 128 4
8060
6s+ 128 3
5890
6s+ 128 2
4712
6s+ 128 1
2709
6s+ 16 6
9000
6s+ 16 5
7470
6s+ 16 4
5850
6s+ 16 3
4275
6s+ 16 2
3420
6s+ 16 1
1967
6s+ 32 5
8715
6s+ 32 4
6825
6s+ 32 3
4988
6s+ 32 2
3990
6s+ 32 1
2294
6s+ 64 6
10800
6s+ 64 5
8964
6s+ 64 4
7020
6s+ 64 3
5130
6s+ 64 2
4104
6s+ 64 1
2360
7 128 6
14600
7 128 5
12118
7 128 4
9490
7 128 3
6935
7 128 2
5548
7 128 1
3190
7 256 6
15300
7 256 5
12699
7 256 4
9945
7 256 3
7268
7 256 2
5814
7 256 1
3343
7 32 6
12501
7 32 5
10375
7 32 4
8125
7 32 3
5938
7 32 2
4750
7 32 1
2731
7+ 128 6
17000
7+ 128 5
14110
7+ 128 4
11050
7+ 128 3
8075
7+ 128 2
6460
7+ 128 1
3715
7+ 256 6
18000
7+ 256 5
14940
7+ 256 4
11700
7+ 256 3
8550
7+ 256 2
6840
7+ 256 1
3933
8 256 6
21000
8 256 5
17430
8 256 4
13650
8 256 3
9975
8 256 2
7980
8 256 1
4589
8 64 6
18500
8 64 5
15355
8 64 4
12025
8 64 3
8788
8 64 2
7030
8 64 1
4042
8+ 256 6
25001
8+ 256 5
20750
8+ 256 4
16250
8+ 256 3
11875
8+ 256 2
9500
8+ 256 1
5463
8+ 64 6
21000
8+ 64 5
17430
8+ 64 4
13650
8+ 64 3
9975
8+ 64 2
7980
8+ 64 1
4589
x 256 6
33500
x 256 5
27805
x 256 4
21775
x 256 3
15913
x 256 2
12730
x 256 1
7320
x 64 6
28000
x 64 5
23240
x 64 4
18200
x 64 3
13300
x 64 2
10640
x 64 1
6118
7+ 32 6
15001
7+ 32 5
12450
7+ 32 4
9750
7+ 32 3
7125
7+ 32 2
5700
7+ 32 1
3278