24 22 22
0.8456466950253145 0.4201988985940891 -0.6374463782092454 0.3183241023982977 -0.530356250527471 0.4527568915272495 0.8557950221125763 -0.6183936392978183 0.038568548314007876 -0.7397317328666402 0.6166115789845312 -1.0799398088721024 0.8590539827799071 -1.0219589933538593 0.5454436776798888 -0.10159616436879586 -0.21861690120729443 0.2972223941468639 0.8660411143936243 -0.6236669165565186 -1.0753368595095154 -1.1226098098634762 
-0.44548752043500517 -1.886904621578433 -1.7860480274687087 -1.4253304883707494 -0.7372339374556794 -0.5699697671479519 1.4066235146915922 0.10769220478136295 1.0165516381388409 -0.46435335539763195 1.0770405526001583 -0.02486071147591073 -0.8825588471174528 -0.7905641714927882 0.3641989927253394 0.6632531984035095 -1.0333693385017813 -0.13920685719598785 -1.9286869040436105 -0.49993415758784104 -1.3926258821270496 -0.09580443393251867 
-0.5748236503059654 -0.6875378420494402 -1.0586641929737401 -0.697750310188399 -1.1706007306774826 0.753394840985302 1.069567428574349 1.8282418956985886 0.661607300714572 -0.8505612607231985 -0.33392975877485526 1.21842085931213 1.3110088343916633 0.13667004426652396 -0.3271708236397492 0.3838695515446709 -0.4487947593020646 -1.285426177306543 -0.05445492631312541 0.5012911715980187 -1.871221741362287 -0.7048415351761121 
-1.9986685584745603 1.0465129342420367 2.2090700840388977 1.915150554572516 0.8083888698169358 -1.6962963051687066 0.803738003686564 -2.2318714185531285 1.243944772738017 -0.9001461247374214 -0.8415700415223515 1.0816336066064507 0.42713797439971457 0.48144132294540376 -1.2760513389755108 0.6372933564043048 -2.2651600483694354 0.5478468952389298 -1.1503624292531114 0.1788826803761166 -0.3864678296671391 0.5746971376630378 
-0.6359092497661478 0.3501035498487138 2.0539163780598297 1.8481664361295442 -0.03257882883011075 1.9531648800068966 0.8521353857177698 -1.1390667825197278 -2.766109979847613 2.5921088214729635 1.8154331485832422 -0.5331310568870308 0.07251908126997034 1.8767970007306674 -2.551215810403243 0.0025777941038658604 1.500637171648353 -1.6073493884651462 1.4991815149213081 -0.33922029611301263 -1.5246283663043976 -0.9947905126674528 
0.05621304573156856 -0.1376448567843675 -0.3670307420841406 0.9462440820589134 -1.362378806169701 1.4135562134542348 1.0686942666957016 0.5250293158793505 -0.46036962230171985 -3.6746012920143296 1.1986519702892473 -2.0504584814229676 0.2770413008566244 0.3275313705734109 2.1303000091760182 -2.6205554407512897 -1.311704975687547 0.07816100842534483 0.2454015406701654 -0.8023016535828549 1.749871305530154 -0.15669606312017603 
1.2645369213929338 0.932142704894673 1.1759931773704904 0.46871909673276574 0.7304740532955784 0.6988789509826068 0.9844468281638095 1.1392934846227736 -2.1062070869106617 1.0478286011029383 -0.2948162548836582 -0.552118743280611 0.6676894117574905 0.6451376472501488 -0.8942884848355879 -0.28804305282358567 0.14992910475235213 -0.328372513973027 1.6826193082130856 -0.4487680484353851 -2.3973621382498598 -0.4870111472462522 
1.7852940778273547 0.3649926911970815 0.04172874441526493 -1.0241979612138752 -0.5249700442531016 -0.22874341541761786 0.30565777487660906 1.3061778366236352 0.12324544132449314 1.0515014356143364 -1.7453518900892244 0.7067430823947883 0.9125416076100134 1.7011354527017857 1.8373342091004838 -1.227275556104027 -1.016815211722506 -0.13813774953370878 0.03336063948799205 -1.8060488512948514 -0.597309211557824 0.0180343667043217 
-0.04993834838606122 1.1987024766101544 1.1441946498708555 -0.8935686470768005 1.3122075066920986 -1.4706144272738615 -0.3471107175870056 -2.0266863881369277 0.6802239358285446 -0.6885133255532503 0.7436471202541622 0.5275810027759507 -1.5407269764708056 0.8478149743670955 1.587176252483888 -0.7882068606750069 -0.45204836329767173 1.7910102600555888 0.376895882427425 1.5944145872106177 1.2910810408327715 0.16443048115322373 
2.450052745034252 -1.7627208047795522 -1.8014146125669044 0.32160859275139875 0.9340022350365753 0.6780532592985106 0.09821126569978673 -0.07133039203730328 0.6228415725434203 0.7908992288221054 -2.0618106558885887 -0.3538501431743456 0.18314621444483586 -1.5306130452196478 0.21474288804250072 2.71629005937711 2.155262211316019 0.8968957343799316 0.12189694959678654 -2.4329649557218205 1.3181811398004617 -2.1786504758164638 
1.045452586759135 0.09034900292040858 1.9158904910340715 3.258746069898871 0.7880014559853648 -0.30145458605315467 -0.22595369769232065 -0.5333188325549753 -0.8484202246842184 -0.4604034706231669 -3.135009619538346 0.5889609718982135 2.5099678941578265 -0.4453992997967259 -0.047343408902677755 -0.8188452317816414 0.916982866862825 -0.05024169328333532 0.4720477819785807 -1.0261972250737044 -0.14142730400738687 0.44798985840969957 
0.7514485640171883 1.1079131919074128 -1.7749975830980544 0.8839709085775596 -1.7893670280636653 -1.3913044192720334 1.2681808033821347 -0.33099893361692295 0.8603098652509265 -1.0824515705083952 0.9614569952719132 -1.0144668043970855 1.3594348947465693 -3.0839073847827363 0.7529336417820846 -0.3634339510335084 0.5948848269827776 2.874511101280347 0.3447311967613934 -0.5849654429480518 -2.2271137477774725 -0.5161810799197243 
0.5345328723292694 -1.4677041367724046 -1.8859852557802559 0.10918293489682387 -1.3235875052365815 0.8162838247118299 0.5602958867963077 0.8871897303634428 -0.5768244265079255 -0.09252336845204943 -0.0769660838489828 0.42405218644825465 -2.23470869862266 0.9749577942055933 -0.7536313923944557 0.6597748203273941 -0.8112110063631146 -1.2900270215251781 -1.8551601588701072 0.1472138050592816 1.192277246755295 -1.170097732012568 
-1.337723053880495 -0.7654148068464947 0.01640717958459148 -2.8182224662459117 0.8873540629961109 -0.5096001142025675 1.7209938654062382 -0.274841338445098 -0.023294896375426172 -0.0780460595657523 2.121804172266997 -1.0238934758686942 -1.0261684255610182 -0.9014355015857353 -0.7178814643286682 -0.1623663186342921 -0.0411012254421464 -0.4871219717659629 1.844524068342626 -0.9309261229735582 -0.30155091243292936 3.14769692675481 
0.03610755572774193 -3.3977211333759008 -0.9852707131601052 -1.0360172824833214 2.6887357383727277 1.4940639275233472 -1.2816589247716512 0.8963269195509588 3.561223241719769 -3.802193529899737 0.479940799953307 0.42413243278849555 -1.0976751859085692 -1.0689521449980453 2.1106733299619393 -0.39604609831717746 0.5524686667981804 -1.0533267248104683 -1.9899511170587825 -0.023971883652919194 -0.825658847322894 1.3345284947736902 
0.4963220540235353 -0.07651848407598921 -1.0087909763217475 -1.5874689935556001 1.1015867358567326 0.9417590962558727 0.3871629614593003 -1.1422814439549833 0.8682486856206703 -0.19133136910470447 0.19819578674694427 -0.032722027501510154 1.1540496477798725 2.820085010474105 -0.4731469114418634 0.17136515797524074 0.5451471329311601 -0.49596350893884394 0.8838920606921552 1.2243630559031895 0.634302895071258 -3.370531395724126 
-1.5751410587369197 -0.007128889589473051 -0.5514864058960435 -0.7148361041695969 -1.4571452045706519 0.18380648148817488 1.026456691058999 1.2413355305694533 1.4889529072787182 1.2280938694203094 0.32176076951500016 -2.723988561712641 -0.002439876811141991 -0.2557700428536981 -1.9268379591240163 2.4567716490753315 0.6668189609402475 0.5536929695884385 -0.36575759816411996 -0.8698652987768443 1.0872302728764411 0.6724320760104684 
-0.6555916721679149 0.6669611945071962 -1.5805905540053424 0.5328249291983476 1.5534431452986388 -1.429231103019539 -0.5491730314745438 -0.7279835782579653 -0.1652033188033477 -1.4623684369002918 -0.8243498761421039 1.242416253467652 -1.722438316011148 0.4775112813688681 -1.1871930690164978 1.335163127335623 -0.2813538590895124 2.4053404537901675 0.0238891269045829 3.2957413136765865 2.3743818531579417 0.18059606891888647 
0.2442072610368824 -0.760034699061692 -0.4671158690814345 0.3652990918479204 -1.4874171029326209 -0.7397163663502077 0.3380919914206695 2.998123359299292 0.28054406614301397 -0.011374307223715942 -0.20250934815319668 3.6710939363556223 -0.756582545648435 0.7495288511686818 0.8863766826176688 -0.49537519295570215 -1.0904028263240728 -0.2704883373947539 -0.7047305718958253 0.2978343460493937 -0.2549478295839162 1.3515559860219901 
-0.09203412083613444 1.7772834258209425 0.4137023883528839 -1.5826987211152834 0.7725246924571431 0.772367538771272 -0.26006284588326 -0.8043871224607044 -0.2803043220954564 -0.2716900311366222 -0.5726640674952239 -2.237127691083631 1.8691569859653148 0.3598807721651968 0.34686207610802694 -0.44196427273020705 0.5662844788924772 0.6402804346176753 0.39381026268552044 0.0006610169967300168 0.6500154436739275 -0.2582797007801702 
-0.05382986391138401 -1.0368018588445325 1.4278636085932053 1.2628052336487654 -1.2106236707590894 -0.32546537520128815 0.9140848441562778 0.6959867213751229 -1.216468586782336 0.34035231276115113 0.6399692444559777 -0.040355508917149584 -1.0199887430019512 0.5807068094528419 0.268658231468827 -1.4391297363835585 0.9472920881211707 -1.3986744866961769 -1.9741465913381813 0.6676022470879787 -1.2456252092696616 0.2926781039725852 
-0.4945649211499165 -0.8122780522022528 1.8419027421537297 -0.0882519724756258 -0.5238096863385001 -0.054786589435128735 0.5341117432085705 -0.5081054792267781 -1.5097219048079682 0.662540255343479 -1.1371598177763478 -0.7038881332527078 -0.6617692309448378 1.290739212537809 -0.6800635385138675 0.7394511681102288 -2.6433221002620226 -0.3864725303616583 -0.494934703904699 -0.1615809364536212 2.7537431857921546 -0.117674552660544 
-1.2168874613108405 1.1670407634712565 -0.04639058422806332 -0.1762208912593539 1.5962584065349303 -0.9625214033094833 1.132513295693493 -2.3901303625337196 1.016590501516667 0.6796668536707194 1.721310337369357 0.9766018724926288 0.8863577566853544 1.4103001610347188 -1.3562585286739801 -0.3587445166980703 -0.17672412564351525 -2.2584964732588015 1.5557868193516065 0.5022317410652665 1.786501212285481 0.8278612705527515 
0.7675700902084309 3.2999391799248636 -1.078193261327414 -1.228703000718396 -1.7341808183710303 -0.38357807096459945 0.9183937222910944 1.6004990359442695 0.30203440796158515 0.7396323882419021 -0.8542032582202778 0.7849691611429379 1.7774322366378965 -1.1100512092048904 -1.4205115482892867 1.0387384290962045 -1.3454814289834847 -0.9660364132655872 0.11014552770733638 0.2768641534418134 0.7213028189062 2.6267508969006164 
-0.7915928239127421 0.34768327284831435 -0.7132674080740091 0.4443147093351522 0.45747319580895907 1.5300913848803466 0.5962718467186796 0.8853048036894202 -0.9973692273372965 -1.5313562787984594 -0.035342859625071964 0.4996253809910319 1.0655951179203993 0.1365427674965071 0.2149768435757098 -1.721383572651554 -0.04963537228313876 -1.1124140373150229 0.3706548846201263 1.217905731752343 -0.16275857982122977 1.4130105874597958 
-2.0845478475810273 -1.221549401524501 -1.55261521809382 -1.2307752744619853 -1.3348132705770455 -3.262586909037747 -2.4460111074088497 -0.46318910354251036 -1.0686895272182713 -2.1540413420457964 -0.03851357208159559 -1.7648707647309856 -1.2405437124976246 -1.5868560083121486 -1.310691710761633 -1.6926808471029544 0.35584087750697724 -1.004495276949507 -1.6758465678082062 -1.8263350208571154 -1.4742764061298472 -1.652132687075807 
2.6316895165484007 -0.9589949365052904 -0.006888199513037187 -2.7463449069215726 -1.6279713106189326 -2.083567728307298 -1.2572367379303615 -0.7316166699783847 -1.1023436301928395 1.5162482995222941 -0.3112858089729625 0.8076389612850764 0.3045883226005808 1.434510048777264 0.8645093604253471 -0.6294949374405858 -1.0995745112960174 -1.687470249381663 0.3390128214751382 -2.5447934829185797 -2.1364670320099353 1.8563803555943643 
-3.230139325579097 0.6808752511971162 -2.924330049615412 -2.424389272471678 0.21698852108686048 2.4636328888067682 -0.7273998885124426 -2.79525656657688 -3.5976116247373953 0.5982970667859924 1.5049891715845467 1.4203898690756223 2.6545692332919124 -1.6234158860225854 1.092063334956396 -2.119353515810266 -1.0765378314661034 1.757688754832356 -1.7118023539824456 2.3189879510038427 -2.3223449797457856 2.901369986460502 
-1.3719028566226068 -1.6347643988043812 -2.572618899187641 4.170485276638165 -1.2249786823259399 0.29513045523294595 2.5121204066144958 -2.8559111141562865 -0.8498833245107805 2.0825825870844357 -1.9404958095095477 1.7941112276452116 -1.350659629767513 -3.808461922255821 -3.01241626113399 1.2918071581596857 -1.741606326479329 -0.5899145151241602 -2.242615478286856 -2.6542877244243095 -1.9639898492063181 -1.47439577969405 
-2.340538252180729 -2.1700525257388668 -4.223622386401496 1.6233511801739446 -3.449226614714429 0.4302312745512062 2.70076112913734 -1.6618994482805751 2.006669628268039 -0.2886833305874318 -3.0837494066840567 0.9262393680854438 -1.9014200642071424 1.0612239356611652 -3.7898033562206264 -2.1661970238774066 3.7645939944186537 -3.117154876355325 -2.6781204262407337 -2.99938823211983 -0.8616236786107061 1.1550145812701957 
2.2388656511905736 3.303863291070141 -2.217488396346479 -1.673707815712814 2.472379271645273 -2.5604929760132373 3.4484631738018456 -1.692402531852236 -1.2595207981364867 2.444091633623023 -2.0106811746205104 -1.2173003804168756 -2.454961115642657 -1.6903881725624796 -2.147884655983934 -1.7885881408014492 -1.8493037779571897 -2.198590003112663 0.7409476559268992 -2.3916617811933056 0.029082893161714304 -1.9512870572964016 
-0.5601180355524402 -1.9608900332584605 0.31142103778182056 -0.8105833295507836 1.4292111628431856 -3.966824171731489 -0.7978090467868999 1.8752447335608975 -1.3816874070193956 -0.33944818586787384 -0.8666616273038384 -0.9518880301782223 -3.2910316899594942 0.3775246096059417 1.043812893736161 -0.7528965555069298 -2.9392363179656935 -1.181999539422523 -1.5139135842759706 0.24013268897470105 1.5191279830434081 -0.184591971308381 
-4.2923448829073125 -1.7620715821982027 -1.3143667353500406 -1.36278120911264 -1.1037187177007057 -2.314277019234923 -1.7054339198986852 -0.5087497605697985 -0.9835560571271591 -3.5709697626663397 -0.30621082337322075 -2.3048579441877046 -1.5129791039236125 -1.7514361602158424 -0.8927517779200577 -0.6575508535430238 0.1464213266287314 -0.6729299140068425 -1.4570309388560336 -1.649007031798522 -1.782512868957635 -1.716839286933556 
-0.3463168521643002 -3.090957243011075 1.9527807328673203 -1.3254283014906985 -1.905019719993336 -1.8491616078747817 -3.3406201368121886 1.1972037739518 0.15731234726983398 -3.2110489294909335 -4.10689107240333 -0.09247898840867415 0.6477970498548524 0.8025215238877193 1.386981370720208 1.9807811344293007 -1.4079757312074022 -2.2948576384178008 -3.1869831344952857 1.36764212616793 -4.5104282655256505 -0.9476995839497439 
1.1319656562577696 2.601286148122651 1.6281578943570851 -2.6246354517044974 -0.5473339354995133 -1.0313965290412974 -1.5855985109703428 -3.149669239871442 1.1910401704350584 -2.4864451604292217 -1.8709315878405761 -3.1764732409101333 0.5814901488520339 -1.2857651934777536 -1.337209605971696 -1.6638941764316877 -1.3988142018474317 -2.446624217823515 -2.3804748141496415 -3.2666534300639287 2.444281910255031 -1.974622989962642 
-2.321427735993417 -2.744101029563181 -1.3344189467340892 2.5433105932041875 -1.6166263367055185 1.3333155897992464 -3.4164723339226764 -2.369332584926614 -2.872869693954547 -1.084525842401062 -2.70793952660438 1.2252730238012273 -2.0977486576963127 1.4609774760999774 0.5160412045323854 -1.865641345785328 -3.3828389094833686 1.6031021507385292 2.50505235697197 -2.7810829021124177 -3.411895691975096 -3.6393604056544944 
-4.285015044017375 0.5484454244447048 -0.1333847697858367 -0.344631398785147 -0.08484352355672171 -0.019604981866048504 -0.6440017795232564 -0.6836293960472066 -1.0057638210586781 -4.319014493347029 0.80625461043696 -4.095162491162708 -2.402072176295254 -0.4311892395317958 -4.5008844324677595 0.8424446905754423 -4.3003545213639605 0.14206259340645253 -0.3301265613151689 0.32143716003681044 0.2618776589378096 -0.2264548310400078 
2.200246573080013 0.02064813165832806 -1.424434496391993 -3.537213397198919 -2.7779481638704353 2.6183247295441947 -0.6118646499281947 3.114710946486192 2.1169675935735475 -1.713384958425897 -3.0240602667560994 2.85245714758811 1.3391377130048625 -1.451925329802308 -2.8082525370273212 -2.858860595333822 -1.8379587276016436 -1.1423203056353868 2.186814016560635 -2.1036697340783603 -2.211714734444425 -2.5166216093307248 
-2.0503001633539433 -2.3201032210156884 -2.8031341434973593 -2.9171189478532984 1.1459015497283016 -2.053775542639338 -2.6368860867579893 -1.9573114060614578 1.426197938444141 1.5770341506504342 -1.3714875795236985 2.1148126037346087 0.5521625849293054 -2.0061676897547556 3.0165703862040636 -2.4974273377642784 -0.6160957313931964 1.4377196427395116 -1.997556132656032 -1.9246043073627268 -0.7143771185684148 1.9493345216399705 
0.15209544660630986 -3.7016369140412704 -4.760315542894689 1.868085273059604 0.8978472806302742 -0.881601528474381 0.6232465152559419 0.8203620498178873 -4.186210858501938 0.2566848958456688 1.1305265973813192 0.46297481843995947 0.6608177703472672 -2.248600950300987 0.8754663797382005 2.208384912850863 -2.398337210631996 -2.4156312710674945 0.4531895468109912 1.0027753277281102 2.667301497850494 -3.0365727511356817 
3.2898020806636223 -0.6915248554108505 -1.0780149611973158 -1.575538014629624 -2.2466146904565907 -3.05852437309671 -2.035629630094158 -2.2029987981362433 3.4933300944842385 -1.4935108779183435 1.0290449653926768 -2.2922943617966243 -1.9225235530786673 -1.5036281103543352 -0.8257581235747257 2.536885473612549 -1.7269355869552567 -2.8275320878078825 -1.3276895513028049 -3.403881140736868 -2.672217538703853 1.1517131039533788 
0.23394532974354318 -0.19792857837848782 1.733342663951951 1.424314321691249 -1.9725345018185372 1.7600755946293674 -4.111086414139115 -0.9208667707183244 -3.1702477396411632 0.11657418752099848 -4.446437796950506 -2.528065953416073 0.14597138031577556 0.7143016684485953 1.3979711377107442 -3.529473628085727 2.0229816564952103 1.1196765924071153 0.7536656232156548 -1.0338904608364439 1.4984103233081856 -3.567455753153482 
-0.48394124540370476 -0.6901246579484389 -0.44451511983976444 -2.7499590541004464 3.0706677224702768 -1.2647575194587695 -1.4834394968137503 -1.3066122885534903 -0.45244053374341264 1.6013135107913494 -1.0751712542922123 -1.1835143325407964 -0.9212814950423293 5.971749380391589 -1.1700407315140033 -0.7857577969042625 -1.0697856749042562 -1.0900920694746008 -1.8015313421396046 -0.7375277446042772 -1.1986900475884126 0.3733763006446777 
0.8363937903471523 2.2903010607610295 -2.2348168626285942 -1.8017296114096228 -3.0124109772495617 -2.0285178033997955 -2.484837836226599 -3.550122191179108 -2.0418654843106667 1.1534676911991308 0.9299778295600628 -2.1056492273002636 1.467346778730641 -0.8587700815041642 -3.080221257846844 -1.523553093352959 2.643787880832022 1.3875378407938461 -1.2527119445145751 -1.0734299722735263 -3.0599613787651134 0.643825682185929 
-2.2101569489425326 -0.617414268052952 -1.0208451719086757 -0.9824783215340939 1.7555545158943706 -2.2260240568705996 -0.7380047915517225 -0.9274689390667249 -2.1981130831088125 2.133041326425631 -1.584187552799401 -0.730232330596557 -0.42126182662970135 -1.0351237872092813 -0.049535794769453745 -0.3577901175532602 -1.1857826098135853 1.6198262934157852 3.5845494163609177 1.2585575970851022 -0.6815871173834383 2.8929648731981685 
0.19137669338777452 0.6827758471897982 -1.6492673669466331 -1.3832267140991026 -0.32274835104281674 1.6609455858705726 1.3955982976195034 3.403800385547995 -1.4467240866878839 0.5751542520308164 2.882236898072474 -1.9647449294328918 1.5297599166905607 -1.5266972292874368 -2.8690909759396037 -2.7928069341658897 -0.8876091699125257 -2.2429858183460416 -0.1850388713681797 1.291243438846147 -1.951124445353262 -2.262586906285583 
0.7933661015773642 -3.3893079337864824 1.8039952556834609 -3.1346778608541856 -3.631201551028746 1.8463021097679757 0.14422988108054963 -3.7156326415557217 -3.384843240087603 -0.4474951619929072 1.5747442600481627 -3.091912685173053 -2.5715697378017266 -3.379054178569555 -0.35582664515956663 -2.6675526697853273 1.2371728211092787 -2.6232639939498847 0.7788872990805023 1.0477720108278104 2.1135289483421067 -3.4910636121877783 
-1.9454826134865428 1.4108902320965242 2.8264094359521374 -3.320743259514807 -0.011809404582514664 1.7505819784537815 1.6702325072252218 -2.012680476273376 0.725269138430321 -3.258145014922592 -4.024919257240504 1.0069907414429633 -1.3876582456469262 -2.0556654557584007 -3.0798956851321706 1.8707389225222293 -0.6279242328163454 1.6614176735769315 -2.5364004938507376 2.3863092777916775 -4.420566864173904 -2.3858702721905454 
 0 1  0 1  0.00018293308035419547