256 10 10
-0.41388291897566126 -0.32681015664160346 0.1087212306582677 0.5691232379755268 -0.3604225979006239 -0.2854259225701493 -0.3095565933169536 -0.4883993950570091 -0.2679326080656456 0.040833196311615326 
-0.05145077413257686 0.05330918413836744 -0.5891861815053898 0.27533591297028703 -0.059827262958822215 -0.300930561876373 -0.106915457633867 -0.40360763093446234 0.008676632691680175 0.09589961723555224 
0.32475201085192723 -0.35684969682896744 0.2340973442112288 -0.09491856453207138 0.47917735811023165 -0.05632744997962169 -0.2145663012177705 -0.033469870755995425 -0.18661781582986295 -0.41044719521252976 
0.14989848432723535 -0.5688657349024261 -0.3025366501336818 0.13472916566002732 0.13802928618405866 0.1649820470463295 -0.533041391644452 -0.052949402463981075 -0.2852374713684596 -0.30925755985915027 
-0.06704684571261346 0.13267198269331165 -0.3965193960145507 0.5492336457752335 -0.31159661866293775 -0.033308218188653434 -0.04309783514408581 -0.30433597256276995 0.21558817319606052 -0.0612544946370123 
-0.1893172071448532 0.13008706160154077 -0.36036956671072257 0.36591594767101804 0.3906526193375072 0.41475785963537104 -0.08371992885077768 -0.5214584614919077 -0.006282507673169264 0.16538115831984923 
-0.5488879221050881 -0.1937928445551268 -0.13629295721682774 -0.12877353659987253 -0.3968290183752149 -0.3591513528351968 0.25295649044522694 -0.3433758099261129 0.30592519289857395 -0.4588400307964262 
-0.28750409166769536 0.39699253466515283 -0.08270656697381214 0.05609638757682451 -0.23275897645582416 -0.41371697707644634 -0.16562630421165342 0.4510258919637265 -0.16718371182945593 0.36587927942934795 
-0.4467831417590494 0.14238588429938834 -0.6110075950883047 0.052185020953411466 0.07186049383420685 0.30933805478796295 0.018670031517100314 0.3474880636205518 -0.3793594706014821 0.28408834199769945 
0.28738622895600785 -0.4478144285343466 0.08946351144453275 -0.38546372726563616 -0.05761162700781944 -0.17663813548385549 -0.28160710933252203 -0.015014264288388146 0.3927479730744067 0.33150562043881643 
0.0006691873277277989 -0.39574987882542284 -0.15362531417185055 -0.114089728843692 -0.20079382910048207 0.2617376857164026 0.21452670713024816 -0.1860883897433816 -0.07347912668237903 0.20913062259101323 
0.12884707185666983 0.005830026058816432 0.34061976641921654 0.30725212889330134 0.023768413358795582 -0.3179029173937478 -0.026227585761239635 0.37781912360878755 0.331168590288484 0.4834602083205888 
-0.3674364130593965 0.35402296168329683 -0.3584689141879389 -0.04434581019496153 -0.23022860009400464 0.49370115642419155 0.1253655155671001 0.21349980904166804 0.4078216427394016 0.25985554633281144 
0.20315495442197384 0.3224695310473108 0.04802948594885572 0.4095968985601463 -0.24800659901502 -0.10543647405423641 -0.51071828428709 -0.40443793728371663 0.26292226359020876 -0.5467475153632981 
0.30319807352442496 0.04287290041489611 0.021688926880840103 -0.3335285245518318 -0.2107012176629722 -0.28946612654933446 -0.07483867100059027 -0.26722549531270595 -0.026525792481604728 0.2956801150992528 
-0.26758303116316207 -0.3433842524201272 0.41243511568771907 0.06172089471810626 0.41890546627238745 -0.09647566847232349 0.2920239044491925 -0.3369550701426962 -0.1328362847495479 -0.4482585295580456 
-0.06738439822870836 0.3874146247676018 -0.273997783602306 -0.09721947307273626 0.18504096576671392 -0.31223355498126043 -0.4037629280641654 -0.34796898055825115 0.12020212256555042 -0.12812375221171873 
-0.24841649363520393 0.1389544010104781 0.34219447886738685 0.019749716447586767 0.22692745961115088 -0.15286201088951468 0.04748496876168445 0.3345973797337914 0.11709657070634102 -0.42464510483053797 
0.0023133738797704597 -0.47440304054920873 0.052584756969277 -0.46752069358907244 0.2813424695110812 0.18989209650889113 -0.17454389761475272 0.18046932197930612 -0.46671505592871504 -0.6188419932380987 
0.07996748921317563 -0.07740463588879323 -0.17976928948149817 -0.08771632306148901 -0.13659975125335203 -0.37005065999103537 -0.03204323638775547 0.04680267204220696 -0.25135599348485527 0.34420238402774656 
-0.49994530538042786 -0.24514848838363967 -0.30102095480807195 0.26018543178256437 -0.16286260634114272 0.16653912563426232 -0.473781091535892 0.19629165850728886 0.42279072229764303 0.3591992467037302 
-0.06280297432640578 -0.18669023129115755 -0.3868075027112635 0.17526819329199134 -0.2424587824048129 -0.007946492685832782 0.1729193664548902 -0.3859249057908047 0.1756118964069135 -0.5715911074194268 
0.012494933745695191 -0.2856146570031791 -0.027809651264690458 -0.0386688737640542 0.2944607322049659 0.39565119642903673 -0.0833967377496286 -0.1592475170380484 -0.02385900407367182 0.2144500631953099 
-0.5260753659643866 0.2865581737427306 0.22991255899722374 -0.07151262323165737 0.3276636594659353 0.13976190238685654 0.14698916264801676 -0.48593886900482647 0.3654639281178731 -0.22245620031509342 
-0.05268160200491494 0.08353487875556848 0.3280995330513827 -0.3220645692926544 0.03973725397341558 0.4718684054440433 0.21696753322940227 0.17130511866542836 -0.49935312978788715 -0.31614444754365933 
0.3795872777688884 -0.40206820403766186 -0.5373409118963821 -0.32425491120226746 -0.42118667875906307 0.37267053545103734 0.06268450545835276 0.06573699345674423 0.4447793514373886 -0.23441587341593734 
0.24996551058431554 0.42538780884747646 0.2074102227986223 -0.43150204986839985 -0.16841539788709953 -0.2583732542247941 -0.2673250003133467 -0.3058272207587565 -0.4481581507128459 0.07976174991223907 
0.19389668650545186 -0.041380846617984635 0.26557955400517913 0.25832813917792047 -0.0437372908930577 -0.16084088236111393 -0.44754940383169056 0.16208835139912603 -0.5057311613478769 -0.237530083632257 
-0.5077993867387352 -0.3454387758494667 -0.37124860911863794 0.2986461047705425 0.3257049411881357 0.029855619356911715 0.08027466535220741 -0.4106343683369282 -0.2027638406616245 -0.25990195107426944 
-0.2255742725955401 -0.22394073177307813 -0.11894503156212198 0.010135244920045059 -0.09680012712436611 -0.3924967052508231 -0.17861017666304274 0.11323695734501198 -0.12524143121381895 -0.006284984009249447 
-0.12330425112627912 -0.3334452433448063 -0.5221673876079915 0.4609063930971115 -0.40579716416748507 0.20561231471859018 -0.35182804907851745 0.06216467602497652 -0.0615646847034986 0.29475359753630387 
-0.1640712248317376 0.2887098701298366 -0.4787482170241753 -0.31028300935657976 0.06809218036763733 0.4098495712800658 -0.5298942807878869 -0.26625289682473113 0.16042093664618567 0.08873949370377599 
-0.1929414032082656 -0.34656406218197816 0.11978946655843643 -0.0765228350686308 -0.2784477585355992 0.3686341835193944 -0.14533622710828653 -0.3670881730371045 0.34864472124403423 -0.12062581418187354 
0.24091768117004658 0.3291908011758737 -0.10921280085343267 -0.19801996598290214 -0.022044202699338097 -0.4181517665904194 0.24508637304422137 -0.3317725416118229 -0.3365913953499084 -0.5801669431598406 
-0.10305800438156747 0.27917267573050614 -0.34734069493412323 0.06569035870384644 0.16824875748742896 0.09851879961554665 0.4461121100806567 -0.17126880547945314 -0.025830090721375758 -0.44030225650550014 
-0.42879582101760955 -0.2798838880526779 -0.2527400092403768 0.021597046377400446 -0.27605621462107155 -0.5421926828974821 -0.06743071829290898 -0.4078619157865006 -0.2168452813353328 0.10952013343017193 
0.4239731784069138 -0.030791990837690776 -0.11163684416846048 0.6117523283105122 -0.432392686479545 0.4440625865484796 -0.03894027066183252 -0.252348481905154 -0.08401802060887043 -0.13211213085051365 
0.3847937452775626 0.40128391539582503 0.1316101413813152 -0.08725230538671668 0.1445962911355978 -0.1686102774115409 -0.06159797348795086 0.3191626526080802 0.13082592464488196 -0.5515079304611268 
-0.044139286783643164 -0.052905490854755 -0.40165612380449106 -0.5241611829770205 -0.5424507348974614 0.06184152326512873 -0.43705812647216336 0.3140402261821227 0.3305568883825139 0.03333407145977017 
0.21783651806198043 0.3417147603866344 0.10336973355306894 -0.252752509546912 0.259081194540145 0.18219515375059367 -0.17438811821356479 -0.47109531300848434 -0.37888953766185357 0.00615810862671241 
0.34037184769569884 -0.21689707668628874 -0.2679199196287755 0.01059124970651454 0.3950963952316222 0.11528427437110075 -0.07289689222796938 0.47635225713941887 -0.25849730154913625 -0.26321689428576783 
0.1273825300048798 0.09278457268988073 -0.27079224674673014 0.2624662705349245 -0.3513820304070817 -0.4061138907523929 -0.15303697762140828 0.046572097178887654 0.3481512751206086 0.2150331054020103 
0.2730259705771494 -0.21548305924883712 0.27171953697161805 0.12956192309924922 -0.07082546127408411 -0.010846674158369112 0.41188055276863905 -0.11596035042818335 0.13621230141458635 -0.39864020283689383 
-0.0005155437082478959 -0.5135065954800552 -0.501816734610916 0.19500638841663098 -0.45720140493162936 0.37384210061261275 0.460996605414128 -0.4505574813482754 -0.32326721179603496 0.35767611119878107 
-0.37883471830732635 0.11906328829084438 -0.5970619343516985 -0.11040077873579687 -0.0671469794910807 -0.024133247467849898 -0.2769113745348823 0.11532349047525481 0.08276963225831258 -0.3770255943522333 
-0.5568647793506912 -0.01780444803287363 0.24198575194731203 -0.36216070758086577 0.13379896877991523 0.01774271572868748 0.15985394627323068 0.12062254854258762 -0.29207000061744026 0.31923044975134035 
-0.2537093213834332 -0.3209483081155139 -0.21814792093660693 -0.351627135117828 -0.061487237328203215 -0.38698914026015147 -0.3800376337070205 0.012410249916770727 -0.3693177186910988 -0.07564448156645846 
-0.3221352317207292 0.16442043675592533 0.32019551130678486 0.17484169763602245 -0.059293651260133313 0.2577399959652563 0.36488569091736855 0.4062304286895639 -0.3881831100293505 -0.03230066975642396 
0.1427192253848948 0.014970280462195024 0.06034467967492851 -0.3132205091354263 0.3130685774607976 -0.11548258391993639 -0.0790572100900011 0.4652509503199852 0.12954805996324414 0.04367700645251216 
-0.38441299588129535 -0.1980825522119016 -0.35825962448735216 -0.3005017573744772 -0.10746101488596363 0.24929120869300975 0.12046781385456469 0.2461024745464046 0.41365452360905625 -0.4458542717232506 
0.23433016812200133 0.1354951597227791 -0.5215870218071237 0.12646699327096694 0.16722407292927582 0.44757301785902426 0.21663272296559186 0.1594258548527482 0.4443872347296183 -0.2719168316529623 
-0.02438691448161449 -0.21965214918365747 -0.4454903062854276 -0.058093607326557765 0.07647167760366846 0.10093647548504162 0.27625845001036586 -0.021259749920892277 0.10937704888236514 0.11309731345615678 
0.2380307163881248 0.0778007395375847 -0.23365341182294772 -0.17693736078720007 0.15360433708277677 -0.11496403265314425 -0.3553539557490703 -0.22881870604658244 -0.4121972784931986 0.2551598367950529 
-0.43306046766733486 -0.2130909497469381 -0.11830275992550938 0.1254583329228176 -0.04925592364027004 0.09007446359048119 0.3350958148811594 -0.4527265973777596 0.29795678818372856 0.02522314502102249 
0.22058146960840244 -0.27840391953612686 0.13313469244294865 -0.016906114515526306 -0.4819367435398887 -0.3211135951078129 -0.03407882488645123 -0.3231882921825265 -0.39776220206814994 -0.5103713981145961 
-0.16307960966751467 -0.3451897823179915 -0.34424015826683035 0.03388076324488325 -0.005161188231877087 0.2271399020414149 -0.5527320418579379 -0.46079586100416675 0.18729314892523796 0.3167432079764222 
-0.4603516286242954 0.07965026529446055 -0.2288077720022526 0.12017506672781772 0.3975221412847348 0.0026580384364312797 0.08569368418467861 0.08951939836160501 -0.28368193731679664 -0.4166319833331329 
0.17319193390447096 0.014778181280193016 -0.18647478850798824 0.16751593316515548 -0.05417166265168534 -0.06615137587499942 0.40650902311524423 0.11939084784666315 0.13545391336381707 -0.1897086416116762 
-0.5171084826321593 0.3027417375870406 -0.3571392866873766 0.0577766300403079 -0.442972606381879 0.5068895818099549 0.3106331501334019 0.26203317542054133 -0.22604393894705105 -0.05125073595150657 
-0.510956628593896 0.032707429604826595 0.09255207695353956 0.028235271583775704 -0.28305769184513996 0.31645735661981145 0.44884814575596915 -0.08824530621913704 -0.09081412655976548 -0.026083794310620495 
0.16643791341493563 -0.5710250734939836 0.0918991730732823 0.4852397492315943 0.08702974061528526 -0.39869748606773636 0.3015754344425686 -0.2627333245077437 -0.2525555098216142 -0.2825181784101178 
-0.44474053736769437 0.15663469459954837 0.055286219022210294 0.13315610344755915 0.22675455605064612 -0.2613783943702759 0.33990802975294604 0.02933308981445519 -0.5122597650854532 0.28812738717638753 
0.29308368442477684 -0.3137386200567418 0.36148466828686965 -0.13011657471753632 0.20782945802297761 -0.2747298357090563 0.06185927677848531 -0.07229101870832184 0.16992258688805495 -0.08643829750732827 
-0.23137086223426195 -0.6307758549636773 -0.4375040919033292 0.08343574165888201 -0.2505377721577993 -0.2987095457314342 -0.40257389224306267 0.2708727696536679 0.2370443119752139 0.14445824590459969 
-0.5388407118609446 -0.48091625799593946 -0.15147293539394624 0.11537324356411274 -0.35666019101462143 -0.12952609461367565 -0.3458418879053193 0.05406365759926032 0.14383577657817279 -0.15582300378069247 
0.3978714616828768 -0.2701794017755553 0.022572300529752527 -0.30012675680669054 0.26553888962830036 0.4241453242564442 -0.15322981190680643 0.061857098870553955 0.027359608942561727 -0.46560430815012477 
-0.5279043729088767 0.18478136136916587 -0.5803606957842712 0.22774868246877278 -0.29996151102890184 -0.03802116694093477 -0.25772092896297255 -0.21372249663412726 0.07543490522368293 -0.39287566513335703 
-0.5547375940454649 -0.29530204506967883 -0.10552073114435012 -0.34637631647150774 0.25932425626399597 0.15419370527651613 0.3441829710691859 0.38716756452814377 0.2646019520158418 -0.40562567595034255 
0.3172607430323444 0.23839536869228165 -0.41283645839347644 0.1643939452657044 -0.3015445378113484 0.14593698546792508 0.37390853267742524 0.06681952829469973 -0.1791389770885461 0.12152147953514147 
0.19786624908808564 -0.5391489150900691 -0.28223012042353174 0.08789584951951492 0.34633272530047005 -0.40929400112913017 -0.05170279658355075 -0.2409502368071314 0.31016923193600293 -0.04837061791695384 
0.433126355193786 0.04166494704455367 0.48361230334339506 0.3387226191279823 0.3133065106473784 0.41967365826076586 -0.30608726481397847 0.030032808639288092 -0.4269225285791252 0.4241665033973544 
-0.5709651851588458 -0.21638110646263187 -0.4388568888021409 0.205034133470456 0.3935798865924544 -0.4232090382114534 -0.4367609747678581 0.03528164680698698 -0.2689863304321397 -0.026521009136964608 
-0.5119011572846967 0.27185955515844057 -0.03507436038645134 0.42938280200543705 -0.38479415085932284 -0.29505797055557154 -0.4033137433804124 -0.1256270620103695 -0.4945416410258277 0.05186699379935499 
0.14803938621047844 -0.04068157523672884 -0.27983564299286157 -0.19663540265621163 -0.07196720859919062 -0.28016729099645665 -0.0008845838826319796 -0.37699597296012094 -0.10059727200254587 -0.4500393184165805 
-0.29108188119925915 0.05614014206462235 0.4889990693564507 0.5879846784185486 -0.12357076406258835 0.28614893584310724 -0.09440194972350949 -0.26740352720674865 -0.04252274642007746 0.2251351090994442 
0.29674450995795293 -0.09327465448864979 -0.19583315210765773 0.07828412780393006 0.058456452135748314 0.11564255754404279 0.12189616111099105 0.32343623639084224 0.4641272433196244 0.12994771420925275 
0.0665041907225801 -0.35674648293869726 0.022778290073563058 0.5301203802158521 -0.1374564103696705 -0.22944576273111372 -0.4442964805935334 -0.09498037123671715 -0.5164382169885838 -0.43818826090062496 
0.38887220172264764 -0.17914981513984177 -0.12237032279224605 -0.3292517523504775 0.1827224978691998 -0.21908330618889324 0.3943867445160193 -0.46425157525891514 0.462974952083379 -0.27519805750322157 
-0.38657217296527535 0.28876728472221164 0.058591716713417195 0.5360294976886109 -0.03406269515485938 0.11989215617459655 0.47873122914822214 -0.06778434889284996 0.042464686214236665 -0.5321355644729137 
0.04065647721513687 0.34662917099749996 -0.003966024773157847 -0.35141812500704955 0.25628815646470443 0.1843917979174572 0.289181433163892 -0.5067148294789882 -0.32979169699481603 0.2973126278209759 
0.014151402979970104 0.00319238511311592 -0.011654512688293548 0.5179256288423819 -0.42668722402157044 -0.48854467806917384 0.1529820014997645 0.05183212803782723 -0.17333230856791446 0.032812633910244374 
-0.5051087956101843 -0.0745608935703734 0.03750916212756803 0.34009837492238776 0.0010323937236313362 -0.3647192717907636 0.4277704561572724 0.26878673866786806 0.1762332225578692 -0.057212035887421166 
-0.5236865064498547 -0.407157753980066 0.29074952758623207 0.33239947963508754 0.18815027372172513 -0.3764637376494058 -0.4436197916661601 0.13717801698668391 0.07541393190993277 -0.08303655190772354 
0.3616892663646412 0.1504382204228269 -0.22753472514617512 0.22972819282854137 -0.1323827122158332 0.11890870815095236 0.2919225367942477 -0.13597444580219642 -0.09010549635032712 -0.1614138174070013 
-0.44271367890660424 -0.5383274858113564 0.4075224078493911 0.5823229282616241 -0.49617833713458054 -0.0386732531259737 0.008803856489496331 0.0038330133926273804 0.2927074623750542 -0.03928883383835797 
-0.11478414578016094 0.35857714130229396 0.00978076359960228 -0.17466317751914756 0.2686540261959897 0.17598217167770983 0.13800073219537512 -0.1421373676668937 0.014302375966799244 -0.528412899706041 
0.07295707722992857 -0.18244554217697587 0.09732407792537644 -0.16415908742716656 -0.43359802920095253 -0.11097877619348412 0.06077581097890519 -0.3366483805137896 0.29235839979752704 0.27777405945210887 
0.08394721463693898 0.22205111686508266 -0.2707601632245872 0.48448610762537686 0.37977126242903003 0.2529540187461216 0.17138071406676456 -0.2225055022616704 -0.20051620837310363 -0.23966748348281786 
-0.27696436501686206 -0.2390959568290054 0.042705134589547125 0.7129519913716157 -0.3260634841703817 -0.45313719372779476 0.17937790282897745 -0.004199122675984753 -0.0003705505467365197 -0.1063139191329953 
-0.11559597569885541 -0.2724584207830859 0.3866841281445423 -0.17524478494447782 -0.5397381186048996 0.4381541602419624 0.1753994201640191 -0.25527394788742513 -0.4510459852782692 0.08750302029959418 
-0.07662934579032718 0.44012724744737486 0.1029985300642693 0.5850005658909523 -0.5056372301746424 -0.4041886337222886 -0.1118862421831342 -0.15649439148883224 0.4477685840596849 0.029201031784038888 
0.3918098849812432 0.1936229326621988 -0.498162862782954 -0.08447008402182346 -0.5085764488686579 0.5067894757680826 -0.2624592002269321 0.2584359056638218 0.20785970187236066 0.08624938411420462 
0.33576446556338657 0.3051742338107359 -0.3086544560997906 -0.32131383190147855 -0.006884335158198305 0.5370694892781175 -0.3990449252244534 -0.017928219382176296 0.008235852634204987 -0.2079381361314557 
0.33287175581587913 0.15039174303673236 0.2479035241929917 0.6244357239142565 -0.025501665102908043 0.39741138838573875 -0.4857726589419976 -0.16979635863918016 -0.43137251457707704 -0.23826052376748463 
-0.1544328066284939 -0.17821266423367227 -0.02721972487391668 -0.08178302544146428 -0.11009995880078098 0.14049489421221453 -0.5769820407767078 -0.31377261893811087 0.3664346536707776 -0.3203230053382775 
0.2595443405759857 0.30942529126760393 0.403001914557994 0.15097611127595212 0.4496308538034108 -0.45821430245004474 -0.4291807168217394 -0.030106841915362694 0.2827892284853537 -0.17504914242890604 
-0.004703423512422443 -0.4943247459306771 -0.0715968424085831 0.37962787499391676 -0.10895260802219181 -0.28767306096274864 0.12422980199100236 -0.040766425709343426 0.25147158572486605 0.4772289893751217 
-0.014086791538529564 -0.5859131159749409 0.0041623382924911665 0.29481294838745087 -0.01956380747968866 0.14868436582593153 -0.5035423357382624 0.07989596842809316 0.12997338816243764 -0.3846575361971218 
-0.34874519286954403 0.04622872110685385 0.018805522349769024 -0.3063043682756918 -0.5695229892456772 0.4186649314314935 -0.48919904318226853 0.4328604201161356 0.4303103651748508 -0.24644727370284575 
-0.22756805050804996 -0.5159610596997775 0.18877942687929974 -0.23348452265324662 0.3659479137079483 -0.007685518140016888 -0.20471241627013997 0.40961762967602827 -0.2645592939066741 -0.03045398172352815 
0.22538462227275832 -0.02169978790073435 0.11500472813772722 -0.5056850633218896 -0.11613279198688427 -0.28562881221353675 -0.4210661792277246 -0.30060779957096134 -0.36394426847759437 -0.44176639156053243 
-0.09537355190115082 -0.23002176210742756 -0.4996688752576374 0.006283601335088843 -0.4151646007907324 -0.1217554542429174 -0.3063247126087691 0.4326351498720753 -0.10454286144704972 -0.15207889154992707 
-0.39131631379522863 0.2921284170192973 0.0016236351548585104 0.18462286881139206 -0.43317694084970604 -0.12350040435897285 0.13091071156413697 0.146017003718212 -0.30039283115944726 0.36210550739272773 
0.04065006295631956 0.17994662694928382 -0.47181492180736323 0.30889354085394827 -0.19646725959791553 -0.45518727775383355 -0.03321147153331708 0.14953266404227866 0.3313711320226365 0.3072625588821527 
0.2369810453203625 0.29704252750270016 0.3545949718175908 -0.39682518505893105 -0.4490233797206399 -0.4060852232594937 -0.03495340928834748 0.03588965669884211 -0.21483710642785506 0.27763756401106277 
0.3480716306556412 -0.48261981212396426 0.19593849122433607 0.11749509232728224 0.1495643467904997 -0.02331384717563639 -0.2708882848396549 -0.3820100161460374 0.3124532233463302 -0.3009783611057021 
0.24531343088753058 -0.33827710170359354 0.08971077055270045 -0.340348367546432 -0.3311591973904085 -0.42042337341364416 -0.4154142803594544 -0.1404924104322278 0.3747529159999716 -0.08546944120564633 
-0.5332395160931525 -0.18254958947602273 0.15017305205342843 0.18771700290247434 0.40007862081783185 0.22596615925179267 -0.23966736817151096 -0.44596837580625176 0.11734931860246091 -0.2790105381385157 
-0.11581323926582206 0.0021871849532102325 -0.33426881515962237 0.26573566874538207 -0.11747486580384661 -0.05870169203777504 -0.18722614189533848 0.18351142356203884 -0.2650880115390615 0.2417288477861669 
-0.43433054406520794 0.35098545095730377 0.0954812082286876 0.3041795378129529 -0.22161239497721838 0.08988090821332208 -0.077798637039596 -0.4010267285063219 -0.2788470928418612 0.3628711505362058 
-0.2545159372776951 0.04907511039535993 -0.39268871002954475 -0.2812453778861953 -0.033239897267096315 -0.3054222132879284 0.3709187682103533 0.31429171394380584 -0.2887536402465501 0.15003796677023484 
-0.501467294882187 0.0421436014432816 -0.4530857862767888 -0.3330017564986 -0.14341543436876122 -0.30209099083974095 -0.49888562315398816 0.16788055362710066 -0.4223578912904907 0.14277073400988516 
0.06198678529196669 -0.1261415331867055 -0.07520943490556413 -0.3388040650331635 -0.21932679413740028 0.39195049534422666 0.26027444147898005 0.0687924887489056 -0.4216488559555511 -0.012250818010140241 
-0.5985410851943708 -0.13058338710666514 0.00091350820367117 0.22598004384755083 0.5223066020103941 -0.012906480514517869 0.011408787912600363 -0.31262382853494863 -0.5051618540566198 -0.5132606399838022 
0.0819483824863739 0.2597549333762236 -0.5041523263529326 0.5713732464962674 0.31320260959948126 -0.10277230582658085 0.01078281528287078 0.0028457809682662246 -0.25761757907870536 -0.24741680154272355 
0.013931350578880668 -0.1605050855658386 -0.5166888539850343 -0.2670017519848859 0.37366158188775783 -0.25390839272937654 0.44409326997380816 0.028731352099482844 0.016491951395205186 0.20195819953223454 
-0.358614657506298 -0.10172593057844019 -0.36227377548899725 -0.31978110460169645 0.2529773303943443 -0.0638596464730604 0.3181163081249382 0.2544012897370789 -0.33065249540040176 -0.6169026425542384 
0.10379371253756406 0.23446792928174057 0.3612552462300729 -0.25444022613535944 0.2744155201453146 0.17132301176959824 -0.136708555748096 0.2700351688291645 -0.045901206515169955 -0.6011115701864044 
-0.534955656817394 -0.27304617081656757 0.22046554762887768 -0.25472336936625656 0.12034174869238617 0.020237712932526304 -0.45513031577069296 -0.39266067774981533 -0.3083904247207895 -0.6019694751708125 
-0.4737499359279659 -0.5271157000381708 -0.2613639937185723 0.08890449290336466 0.4521366767618652 0.014737787511650911 0.3839214631105736 -0.17150791962977951 -0.1979016366334101 -0.1034793079312362 
-0.532329662023428 0.3590946712226706 0.14332267335328647 -0.16240800628796476 -0.040841607109723996 0.16331708591029673 -0.06599974773370941 -0.04892902929349205 -0.25158700836786707 -0.33076055395250054 
-0.1593357378797218 -0.10515321292844915 0.13256838175482072 0.6008107533170914 0.339680658010663 0.11113385299318068 -0.2733638845136701 0.14099347261932504 0.23496477902423127 -0.19194802152156484 
-0.6031832990451012 0.31917419522693374 -0.08580251974011431 0.4551545010696535 0.11417170693351149 -0.12025348084940059 -0.4460265930600217 0.14782090131892336 0.36717878155036526 -0.05113552361505121 
0.09945983169260086 0.09697823692458532 -0.5864832486300043 -0.06358055471186203 -0.21098720010779312 0.2611555019441939 0.04367518192645951 -0.28312823780429636 -0.4539352812353701 -0.01637149743660572 
-0.0038276708242934525 0.15534279075461507 -0.2274061190842466 0.1255364690629039 0.10839211210482987 -0.42567129407500587 -0.11817445750994744 0.33451665041957507 -0.30362526186372907 0.03964947935499916 
0.267399497435934 0.2685773229574247 0.27226345041678135 0.3263323379223808 -0.39331110165902583 -0.20864576276267724 -0.5018121344326606 0.4277015234894708 -0.39459924629016213 0.02808398939917484 
0.09510953056750605 0.18240202059653207 -0.25174048060147997 0.3567183278859 0.07925396898861281 0.3707861944657215 -0.11258240011126047 0.15133096885161115 -0.3224297978133721 -0.30781315728642733 
-0.21491765403116267 -0.3994826823834515 0.09732038297742432 -0.2824389034007002 0.17051097684212116 0.4408942994359025 0.06780699910664313 -0.35296211282817236 -0.35444839208908524 0.015436841043955022 
0.4033926416734952 -0.340176127039617 0.23644299904723862 0.4109361003024671 0.29460500520654137 -0.43541311451364556 -0.5364973505632783 -0.331056608865604 0.1232225302586309 -0.36059435418531527 
0.3901042102176531 -0.4484839884836 0.27215405517144964 0.3024659414171542 0.34259784670937726 0.06618959510394377 -0.03916593813166584 -0.35967886864810816 0.23171285610338216 0.24898220763885887 
0.09734777737575646 -0.5410631291975636 -0.38236214158758236 -0.29009655604948453 -0.16022360612739242 0.010681752863907157 0.4100974971613954 0.2682303461846682 0.08926610229619038 0.30823214502832014 
-0.46258641021005664 0.19162030080867243 0.1432357062649225 -0.046656189864959466 -0.35471570198454666 0.2665810078244542 0.46339219297283185 0.25541869449841 -0.15087141864122564 0.3174098255995852 
-0.11038703651383201 0.40907739502243323 0.33208499792434876 0.5227491501894738 0.06090649630385777 -0.034979537331566474 -0.384307728582468 0.3198836813155901 -0.3566049707161077 -0.2199168194298594 
-0.20569610311768585 0.0928538624602135 -0.2445389931818708 0.20161367051894347 -0.28940006366800564 -0.4065314130512255 -0.23587702823688741 0.3054705679004231 0.23172982563502817 0.06477148018655507 
0.1131481970067057 -0.5036532676710364 0.3199341711516941 0.12844694015969194 -0.1397566970897295 -0.007497416543890981 0.20726142883615167 0.3617619127805428 -0.05748314335557704 -0.1537888260317479 
-0.013749795484454031 -0.07985836582797799 -0.17632503662646098 -0.15338624844095367 -0.42943577815809186 -0.2506416635858156 0.4251449068085148 0.41666626920764044 0.33754246168038177 0.042085378871895195 
0.2826211008407718 0.33405314479011267 -0.013725174630032528 0.1339516788106541 -0.41839990217920625 0.12780679846667103 -0.5670820335481088 -0.4834995014582305 0.4072218457853761 0.1153472893367169 
0.095427731561618 0.0017909243442445599 -0.5904401008900991 -0.08748582107570084 0.3275852525178654 0.0015741071004591965 -0.22145006046538054 -0.3842887509348017 0.07543251850308058 -0.6031840350552329 
0.0855501953436241 -0.4993641558071896 -0.28175298511812696 -0.26799537757482306 -0.062105745594027324 0.4148289793775886 -0.2627401643227859 -0.1292654825839216 0.4156914423829309 -0.19018078599055585 
-0.29815583802597284 -0.10405362396722245 0.23806858171562442 0.03177055959870977 0.015068264055813284 -0.45035441083330524 -0.40393453650967975 -0.11385791197320592 0.43550803007881295 0.17387818729267437 
0.09687570747802474 -0.1273897506595498 -0.3098508420763039 0.5128647501425314 0.0888378928986458 -0.49468237470727755 0.1256003400635327 -0.5222199597076516 0.3287155552339345 -0.3651431740824318 
0.33514185967437093 -0.45815753287365935 0.20286845585022248 0.5496565534908056 -0.3154386405750858 -0.3979982757310358 0.06168013457171488 0.20672340167345268 -0.11090903743449462 -0.38211271855279716 
0.2038272981156624 0.09416596402627633 -0.2804093118280112 -0.19867415591239085 -0.002924801903431599 -0.48032894863935327 0.15432377240481177 0.05609695958641556 -0.3046499209571367 -0.10964408410436301 
-0.25384497170722065 0.21878373274925744 -0.411512015502904 0.26685261586953146 -0.29749166570820634 0.500373990121626 0.08703823460453986 -0.38186929194552627 -0.5178584452719859 0.033165347165334196 
0.3006217440813536 0.08943314861043429 -0.021155507117119863 -0.03800131935078171 -0.14362377068343515 0.10667538144573814 -0.3450922808723694 0.4693695954781325 0.47082703494826184 -0.5874068638983351 
0.18712389810052582 0.1392583925438731 0.1631823087859112 -0.28100131852474786 0.05421707993805559 0.36304928189106545 0.22414010680016883 0.2169202746078122 0.4051516045338068 -0.08031317764850397 
0.1624394750415719 0.23859847358580477 -0.30678100760509636 0.3291236798472509 -0.2641256480516898 -0.4692781441969345 -0.3697778781921142 -0.4185059772931605 -0.11599087350463028 0.007093080036269204 
-0.36573284572699016 -0.38625727389648024 0.26446057854718463 0.0714982465928438 0.1302008766987284 -0.405161533210354 0.33139985720654846 -0.11692512384807213 -0.3311528913036836 -0.5871980780179261 
-0.3470695678434769 -0.4002793887688066 -0.33869519486882044 -0.01862675572207505 -0.4787548205175022 -0.4303438859383823 0.03130015958434158 0.4367717783155596 -0.08237972449472682 0.06120817983128271 
-0.000780278215751775 -0.06917661715809645 0.23925324202087306 -0.15741674037843126 -0.326520167626224 0.2558314867356835 -0.422691449767107 0.2416979625022754 0.23151447375195908 -0.03799562801968394 
0.18105687996837605 0.4101634503375074 -0.16193250820757657 0.11351223926277025 -0.20112324360598405 -0.018304470463544865 0.053915552883183775 0.11461792182809453 -0.3377431315966494 -0.36443097268477415 
-0.18787764988437403 0.4409771210475627 0.1595317852945537 0.37548965130279605 0.10698651661527192 -0.02908343482912451 -0.3077533997093191 -0.09461583561023658 -0.2908089460505018 0.021116580499434007 
0.32202983244571975 0.3583493730903826 0.3429735941350682 -0.07828308177261188 -0.34263430952166346 -0.3368959539299351 0.15072955746919514 -0.5014228427784098 0.20866106380419905 -0.3236355595050881 
-0.27095543611737194 0.2977966283880897 -0.4109126395756809 0.30435988288220245 -0.5083743724083298 -0.07404579026280617 0.2694147710994079 -0.41591105954491364 0.0897184541541497 -0.3616539217845254 
-0.11924576162494761 -0.474825283736998 0.1040901229591367 0.35210996657428106 -0.4028387168810072 -0.3281220268489454 0.4319266687293166 -0.22493907493542606 -0.360672994329999 -0.23615386831414434 
0.15893493750069632 -0.6167623456491939 -0.379671683223275 0.2542486869486682 0.4222984028240866 -0.3601425226099852 0.41149515333731357 0.20316638434970627 0.3867954376729054 -0.306531933153338 
-0.2601717679762902 -0.1467297801711369 0.26954104865363565 0.5774016296302965 -0.35625407099325335 -0.2831085392207821 -0.3636954468697616 0.12814485968980863 -0.1820622851049866 -0.2699382587431886 
-0.43741801341136516 -0.47512224446051593 0.05843375851147619 0.29665163650300025 0.08758041158002333 0.29746853872430545 -0.2052652520743475 -0.4545371105365761 -0.41756518999395903 0.05528048861729591 
0.31676840660268907 -0.3161017594772616 -0.42668848321515734 0.3942482463759674 -0.38693439307681515 0.32382899035263163 0.22141756828230905 -0.4795924673337303 -0.45429795656193156 0.03602068575902219 
-0.03603235701614734 -0.024449425245516864 -0.4808383192999016 0.2200611855158613 -0.5225866265113557 0.3529042001998595 -0.4729252254849715 0.3975833419761148 -0.41338613350299414 -0.055563170802613686 
0.3958907216588002 0.23672616649066158 -0.1605327296374596 0.25220643341365184 0.3134714853802517 0.35665547871168135 0.30299907270881377 -0.10722555370426598 -0.3538039850636644 -0.5758535151340385 
-0.04266577569754798 0.33578872559005424 -0.30996579067570695 -0.18364043747123038 0.42687471208993505 0.005206229853035579 -0.18535176656448002 0.39336359670630056 -0.1453016831397949 -0.18020910384710842 
0.060560050527397824 -0.57434394103997 -0.46693627511285246 0.5850888732540686 0.2779970744686184 -0.5306635671735304 0.026991236834887418 -0.11359140912800104 0.1390268950342913 0.054665099019273695 
-0.2931322991224016 0.03819672725393432 0.07124658904692185 0.36965449840210984 -0.3805938110103095 -0.3483191055419829 0.21047058936050891 0.3533176394252457 -0.2552930050596302 0.23267699658939298 
-0.11864293676357678 0.3601322155936032 -0.057795312577030696 -0.11060499696210861 -0.3025171227104994 0.2367314654761482 0.3815114971082542 0.4644467131725734 -0.3169566331016667 -0.19032088007414294 
0.01762729092917144 -0.4663429950116804 0.06480446801405344 0.3646554034787769 0.4129877826106181 -0.2044286344278808 -0.43280304971079614 -0.3937064806837774 -0.19572324146439293 -0.35538557139615273 
-0.28016717843939243 -0.2205902620695297 0.1678444436472131 0.5655036372327688 -0.4172666633920302 -0.07919413371321336 0.2888839368450741 -0.19638104485395555 0.4108143323533472 -0.5183511821815903 
-0.4782846387413063 -0.4038058600447674 0.39281270085703396 0.49344122542645985 -0.39490195989002347 -0.18771898148041105 0.49332781500286094 0.18245699621310807 0.035326229860101636 -0.3875386926460719 
-0.2929739106387414 -0.2533434711074157 0.2919107196764519 0.13155887893217189 -0.134581118644747 0.10031809496485834 -0.1906859903446766 0.17743012755531706 -0.24654531368674615 0.3407492680533882 
-0.14931670895728796 0.10006150304452445 -0.5968174060403484 0.019575707747507106 -0.2516560558906049 0.40399909163041314 -0.3200073606561254 0.005835140053655132 -0.14403015595066526 0.15409722450183752 
-0.3931497326204172 -0.445713121877345 -0.08687484280296778 -0.2673324463249291 0.008145502531717903 0.007733813253244528 0.13090364503367088 -0.36033901527640744 0.4169336262626264 0.17039557263935984 
0.20352782213377962 0.3382595114978256 -0.3661727182218748 -0.20831427648999554 0.057814379956950844 0.07580734695454082 -0.20298734440117178 -0.15051727534340992 -0.04350423528997302 -0.1525730142302043 
-0.5566920332956197 0.3484536943440413 0.3180258333302964 0.08259197580394076 0.49965193277601866 -0.06724681224784881 0.30698912876899714 -0.4241278682377307 0.1241945046221268 -0.1399480829129969 
-0.06397677710550483 -0.232806999147333 -0.56171941560863 0.05524822586456254 -0.13419705666058734 -0.05180785911940697 -0.28519552940955506 0.12344134954330058 -0.39232730436511587 0.08245816850219973 
0.09403839515802684 -0.2765790861954735 -0.30590653928730827 0.2298732481528851 0.24487051232542287 -0.3079673667722556 -0.24769597129429122 -0.3529059037928054 -0.03261384662191347 0.06627068957385088 
0.15147082892566963 -0.5444693484859012 0.2288761689611993 -0.17974264085184857 0.17877493606238795 -0.2355964277186963 -0.2360743084170886 -0.5027467515748799 0.22864299791008325 0.38438835671230354 
-0.18112352753961286 -0.39010965947426224 0.023000406743298563 0.5770073585350755 -0.1578951594566054 -0.33593098134079113 0.3424236075713246 -0.09453804225427308 -0.2520224722032723 0.46345085778401046 
0.12884445737967426 -0.05115308392444921 0.03581560422570221 0.7244999291480753 -0.5112059278932287 -0.2633530810043266 0.41857499024072387 0.23858790446192113 -0.41421524050224895 0.12883257178787116 
-0.3727766252481622 -0.2578048774014817 0.29509622846230615 -0.015973457149720465 -0.5049441072064634 -0.18235121321688766 0.04465842793201405 -0.019757618715920012 0.18024767074532247 -0.22487572698779065 
0.021839023135412843 0.15233536266449396 -0.208321906561844 0.565854959679674 0.4018920381158075 0.37789760643296566 0.18994234993891068 -0.5132488537023638 -0.39612519245217825 -0.30304192166822763 
-0.11804541631551278 0.24134505326060465 -0.19611256783511116 0.5537875332683564 0.00789545936545842 0.290172198910984 -0.44635557637732326 -0.0897649720026931 0.0660738948285694 0.19705705554116176 
0.17626857515933955 0.27856456249315503 -0.5714659816285638 0.20686814970569076 -0.36766516336083604 0.12589475602424732 0.3255523303983828 -0.35343568797426533 0.44592365328457445 -0.04300527915906032 
0.29473285975942987 -0.39301350175998634 -0.008052379814642643 0.462926245882823 -0.3063549521205277 0.24128363215319643 -0.27898647747577293 0.1546541469737794 -0.11939345587789921 0.36911662868827416 
0.3823933172588994 -0.25275280412894596 -0.5238807459692009 0.5995511666263305 0.17408615451123033 0.1288422633074696 -0.5522980543641313 0.17601017711584674 0.29215559668289187 0.3246790744041227 
-0.3753480147537972 -0.3106231948605583 0.3879986756818332 0.1603597437919584 -0.3480889826647654 0.15631222454615756 -0.4549269052225847 0.4332535525491997 0.46614127261954763 0.16765632428148644 
-0.11756867390978551 0.2230945197900772 0.3384984192433874 0.37285983877023793 -0.2983957155927666 -0.4736594427387382 -0.45818186265922245 -0.41444874951264754 -0.3735355470569661 0.13931257650934126 
-0.37607856482723995 0.3329861634028674 -0.5085468024691267 0.09749539181171149 0.32274959250954477 0.2607993857148774 0.4963990893025268 -0.11404913309292848 -0.12673357783563724 -0.2916257031871752 
0.11983930432772302 -0.5608994471812643 -0.04163836975871415 0.3702482559495567 -0.42074086579485764 -0.3426880947025198 0.17463733384465857 -0.1863431221321365 0.11647909566582776 -0.3935105332392295 
-0.08278784291844415 0.22826582367603765 0.017487793988207604 0.5043247801614081 -0.09951260652159759 -0.1103251659587973 -0.180524783504267 -0.4951474278614505 0.3367430633365028 0.35427060630231283 
-0.044703997011404296 0.006270482444158304 0.056283640480774055 -0.1730760771964256 -0.023745631813142876 0.3122814525150866 0.2069131124350592 -0.23639257606904385 -0.35936656803277606 -0.33136840519411886 
0.2684657693965649 -0.471548823596905 -0.5816506375305546 0.20906522398364677 0.07063507592467089 0.20247794438608613 0.1629353060845754 0.3525285992675986 0.1885919327772873 -0.18669493546114935 
-0.3672123144145027 0.24538601116701164 -0.5143686623965709 0.5623391274905655 -0.1767169198822607 -0.24316562588921883 -0.5431005776075562 -0.1935480499891555 -0.15501071779540523 -0.6254382445104771 
-0.5094725129279991 -0.347225923318379 0.0552215182468476 0.07499538635672563 0.06159143803536817 0.3738915535096182 0.08969350528440764 -0.4618826770852538 -0.129919280721732 0.19340554772632612 
0.2648070920243027 -0.20949040241316522 0.11825965224420344 -0.2958430131361106 -0.2844063556638578 -0.3506856873823123 -0.1522311856507597 -0.22563248979205916 -0.3723001936469843 -0.5138223384303009 
-0.5937851164995396 -0.6012997291105938 -0.558047283012426 -0.17049926370260748 0.24967543165811573 -0.3668801364483831 -0.09101921034458398 -0.3495672697961812 -0.3149264424518681 -0.487228579927679 
-0.5119613776232421 -0.29897821625546006 0.010685899495361561 0.5983001921293878 -0.038283396912853936 0.397232049659293 -0.08986220525231559 0.3549660767121541 0.12458522221522117 -0.033009709312541984 
0.32173019042372974 -0.0560794268285958 -0.4597185320668557 0.5104876910686168 0.3327089075799332 -0.26075677279358717 -0.3617127847852889 0.36615219405245264 -0.4378880781876654 -0.2976035004897282 
-0.10758566157610709 0.16804537041519918 -0.5234598244627576 -0.18385416247991576 0.07149005469163787 0.011315148340850477 -0.5224138990077245 0.11964848511465903 -0.23201139195765041 -0.20565184418497298 
0.11655642581378714 0.1119982495334296 0.3846690316311049 -0.25363730722219197 -0.5096574264124306 0.25726094396737265 0.01917972951473114 0.09625630897667303 -0.41409972827443453 -0.10435349490824113 
0.24494545823862612 -0.06379667460652884 -0.32504947534076045 0.1128910784771323 -0.372805610230546 0.23709789527840455 -0.5488310261043876 -0.055857852038784656 0.2803788350402712 -0.45518736560447803 
-0.17122008223048274 0.2455811976081415 0.20309195655700762 -0.0027026765254927077 0.2178929730942605 -0.06982453649893966 0.14083136180961006 -0.4825398645844133 0.48672355838263137 -0.42599987018864743 
0.2870116498969251 0.21640995968267845 0.3193375649182758 0.5159876878971521 -0.2593855954785873 0.07639894825340292 -0.14885927721803005 0.11780194091672112 -0.4776807809556533 -0.5236659534749127 
0.2198013214501346 0.38398913883985647 0.3956637311714649 0.35473769432135943 -0.12984753974625918 -0.44666218305028554 -0.06297437074757796 0.11014859157193249 -0.4535995524024007 -0.4992909772177993 
-0.04307100127561991 -0.42523891328335817 0.12778509185886663 0.17463212417744367 -0.25821085838940927 -0.4294261448924357 -0.0937160436066928 0.4582192179730052 -0.23360584749791927 0.15972611275033005 
-0.5794651992521283 -0.3636391204483099 -0.37782007762200875 0.035536472122488956 0.11966025009689868 0.16658300024066122 -0.44405260767638965 -0.3642083630956076 -0.14131923402078153 -0.43297553461633 
0.27451975258027683 0.15162803796047494 -0.20789356329285963 0.16617518761191438 0.17701810911050853 0.13543982773405863 0.19925109386923262 -0.2782024849645539 -0.2263190100455104 -0.27094726022743004 
-0.008222825828104956 -0.6143963463026234 -0.010970041025648863 0.4958324156360499 -0.09781761528150788 0.1772485154431795 -0.3000081960487761 -0.47950815263935087 -0.1495328322696939 -0.07619726209661579 
-0.023289318318132426 -0.4637157662425271 -0.3304615173584347 0.10536124503800517 -0.45674963825608655 -0.56340015596026 0.05203210768298399 0.06623331655237465 -0.2603979572038098 0.3199162084172411 
-0.5272598110853612 0.14124153970416284 0.07216306477628665 0.3307770720714189 -0.037585674219019226 0.2650705498745429 -0.5037038239782319 0.1662288835302086 0.010865950709129794 -0.5426782814293542 
0.03600214062428312 -0.11500710044768397 -0.3764020512741607 -0.21012917959532432 0.3793234134217543 -0.010999665759064888 0.2893890809156985 -0.2492911993150881 0.28886745615275644 -0.4257720450831918 
-0.15037207654064533 0.025877922082873404 0.14683132628195614 -0.03931235599934398 -0.33952347017003937 -0.40536783323920367 0.40349621087507986 0.013644381693237801 0.10770256212564915 0.2640348806945179 
-0.01518506715406657 0.010055697742268289 0.10871097692318184 -0.09049438562655217 0.3886181512733817 0.4535315001528456 -0.2110752530709213 0.2803712706524065 0.061086317154586754 -0.19396204745215148 
0.3539433062425834 -0.10033242525531536 -0.5437610974922281 0.2904411353014272 0.11579724083332682 -0.43086351472229106 -0.20818806981882643 -0.5091639333002022 -0.015570110713291237 -0.3508199582644061 
-0.5542833771220144 0.01481261892902142 0.07415388529998883 0.04006514444320308 0.05957112834968129 -0.05445300606238072 -0.26987417847457146 0.4348546465170563 0.2470090588347204 -0.18728869083262997 
0.31571541387779634 -0.2655944467763688 0.17955379727326645 0.4365763453314636 -0.2604666861547067 0.41419719252913584 -0.29927124253119236 -0.20296374133134082 -0.09340945712726737 -0.3714732039686057 
-0.19848513130605117 -0.12499057045754536 -0.49901035473648864 -0.23836107321010383 0.28575237809543336 -0.05884505380510371 0.435515508201121 0.04311944584269697 0.09211806367645099 -0.3400982102474488 
0.13548502642722937 0.16584089842732744 -0.1905755493133019 -0.11902602442445327 -0.3277485250234839 -0.35143871990995557 0.25598246534861574 -0.34191574140577186 -0.2177384991154612 -0.2500379549043992 
0.344327447494007 0.04729078236847377 -0.22372618535501632 0.29698550893868464 -0.10459080472014622 -0.35598862118184327 -0.5027459016671723 0.2741980787722681 -0.1819114506718937 0.25918000204051717 
-0.45101284155304133 -0.5427287753750258 -0.26602656947049064 0.410440226365912 0.4691914651334853 0.0904106328126666 0.23176073812863043 -0.2802435323518232 0.39962457900081066 -0.5285386317884854 
-0.06829192478537012 -0.49110515250072284 -0.09852460390138552 0.5943330584507087 0.47464894642620714 0.027252378110890867 -0.39566715831096805 -0.201639986555081 -0.31461927411264534 0.22622199251792616 
-0.03192079671652192 0.11176122792561327 -0.02901062945969645 -0.055789071155319274 0.15156390680150506 -0.07061934097298805 -0.4361328882258693 -0.37238630731225864 -0.30829016955577043 -0.2578503387229921 
0.33404692598536395 -0.5595770272605904 -0.04060023489254699 0.23893780380327168 -0.3867155431653322 0.2025425791171419 0.06991576760353371 0.3789669362365122 -0.013580599157070617 -0.357800172805078 
-0.2705417523029707 -0.0733883361342801 0.08984114530611646 -0.05151790505623891 -0.47501291589135763 -0.502531200382452 -0.32197743051833555 -0.4511710033897114 0.07667827234746948 -0.5266752816957686 
0.11279211362800902 0.08013375275189744 0.22583767330925722 0.5163526147950468 -0.3803232844860672 -0.39877646297248326 0.06800386225416474 -0.004019481677254329 0.2833835147535667 -0.5081471485806477 
-0.24084749811065106 0.23676575645977202 -0.6104887757800473 0.50565682705535 0.4463278227993664 -0.4368463399943533 0.4245446304153698 -0.25517794057419574 0.42056452020404966 -0.2598614630825784 
-0.5954676917849779 0.3536700069112986 0.18344744744632568 0.463313081825467 0.1738063608935333 -0.30133851643516507 0.10381996148087408 -0.26397336746431166 0.41919592363461405 -0.3667052138711659 
0.31049634032433854 0.025271577461420475 0.015753837740008304 0.4087823728133472 -0.130015148058083 -0.1875782254593344 -0.2565658476527086 -0.03669341446027184 0.005426527903319352 0.2797535895002216 
-0.06719467522148588 0.20849562914025954 -0.5374289509754936 0.4686572896107237 0.08497438440378119 0.11314554998321229 -0.26167061232869343 -0.01386402304554743 -0.23621023216110673 -0.19168390910696767 
0.18401995224771203 -0.0773496367903155 0.2516308391280954 0.1763447932294573 -0.33129269621649304 0.0591641615715266 0.41049798752128086 0.15190278201079388 0.018947592031739204 -0.31993392347059635 
0.16365246111052076 -0.4325118881199114 -0.3772160944018402 0.3697198003649792 -0.26201543808487504 0.35887685787970713 0.32696966312982095 -0.3121841487005043 -0.43884887273327844 0.020066080304009384 
-0.13579627260921123 0.09685556614651644 0.1401497853413475 0.07016857692432546 0.39953694328807565 -0.07084303660584794 -0.2884051058498852 0.45504960689778706 0.3045958075017133 -0.049868479706891775 
-0.4997303054778244 -0.06048469535322499 0.012339583567536146 -0.10451892794956483 -0.10809747159163169 0.30315187215082695 0.3562183766471285 -0.2439713408782398 -0.04522752233335144 -0.12983722924885105 
0.008386472550291606 -0.4514248273991983 -0.015694739502908006 0.043936737213080675 -0.3277122356191636 -0.19592757575111386 -0.5105840728696155 -0.34792616833418416 -0.1367643372047692 0.06189567896027595 
-0.26862354760741963 -0.18634732305966334 0.07102555306980159 0.6118741512337481 0.2411898169991097 -0.2814199739603586 -0.16082927514404335 -0.17648731756771247 0.24265503651090006 0.13245818034203094 
-0.048176459873721884 0.20485369315825788 -0.4154491946943953 -0.25704636542945036 -0.46931858911279745 -0.3244350919665194 0.35731089454798626 -0.41714365646227963 0.3241816396229566 0.11009612486561828 
0.3576284440638989 -0.3098135889179547 0.34306371088164656 0.2549093366794612 -0.14901059520825233 -0.3086361401791513 0.4354776777554906 -0.33779868276498654 -0.18526593620539478 -0.1948100099750701 
-0.22596295000441272 -0.19155964859169705 -0.042831094608230015 0.025718419853988348 -0.25215361652144247 0.4930331170042532 0.43915938102347707 -0.28833523912974135 -0.2939687044507489 0.3551868091668789 
0.2870929041980528 -0.18446723803054127 0.21565983119150106 0.26571457139785315 -0.3839962014054906 0.3916780032863061 0.05951764277650885 -0.4117280354710297 0.39063071476590183 -0.5895221069567974 
-0.0824238481933452 -0.5084927749751037 0.19634839067714732 0.5719958270353602 -0.33310860874981707 -0.10077972123723415 -0.36064663498668836 0.33985701707057187 -0.24935867425458705 -0.4594283579498795 
-0.53808096110757 -0.3508324275534845 0.107661413414076 -0.207282560441394 0.17562932727118163 -0.025218549618303453 -0.26120133389791533 -0.4554278753050364 -0.38559191893282224 -0.6091256818621413 
0.03501176102843728 -0.14968088722985104 -0.17255649750460014 -0.15997050986558595 0.004614040847458279 -0.45404376840701655 -0.3694986367019846 0.3323704526898261 -0.5201219454497844 0.06758319434180764 
-0.03659405662737973 -0.5180060744498031 0.3314060131669494 -0.21908431236310402 -0.011792724007905512 -0.09780102287178646 -0.16973866583562833 -0.35632012084892384 0.19520236948837616 -0.19369512149896614 
-0.449223230946274 -0.21683043182485834 -0.13948627064919247 0.24871281351678973 0.026413648380522726 0.2882341869928423 0.4012071977324648 -0.33991497167643836 0.43448077991112743 0.12463251703735274 
-0.14025548718998732 -0.5243286920781618 -0.26308177331778965 -0.28087038055784036 0.4362114989090134 0.062466498305423585 -0.2439680238643054 -0.3600290449373584 -0.2955272413133776 -0.10386828149923998 
0.256459414917828 0.3463646777898692 -0.24376018098492913 -0.3558237507942258 0.1357048244366776 0.26006542239910235 -0.1743473300113515 0.3183838071694976 -0.438876015398852 0.1177103729434205 
0.4338131620153936 -0.07864215294762321 -0.4857921236823109 0.30876991165305573 -0.3146508344767867 0.011461188836646924 0.388015087251731 -0.37867817915941465 0.400856547801465 -0.49153968157251393 
-0.5658362638381257 0.029160723606211008 -0.15212712127281353 0.21228039132200643 -0.14278723435737462 0.25624343293447477 -0.021277017551180454 0.12733217963701868 -0.2887823303515162 0.22555192660074663 
-0.3335710020561781 -0.30889795319188285 0.2888826232600744 0.48590995712639745 0.33927033671109574 0.021260797648770244 0.09987169793852183 0.022708626557859712 -0.4784782107239296 -0.5147261861468826 
-0.22559523057186276 0.15048039288266613 -0.316015372176834 0.3539392661471488 0.09173454185656832 -0.32369060308267583 -0.20368204206234983 -0.47802796750746146 -0.42491492038363715 0.08792279918574265 
-0.523113039114426 0.36217133211056346 0.31401260078301496 0.0019035349553122535 0.473467389071957 -0.5241786261523592 -0.5217965666415259 0.2804017477689382 -0.4886206171809489 0.2385446725898147 
-0.3921504429444391 0.04739768713340756 -0.09099100137381516 0.0854175541608881 -0.36175520832741304 -0.308905621550264 0.16405872177822814 0.3195483541710193 0.008876356509188983 0.011426806167535598 
-0.3301506006910894 -0.5826091545884522 -0.19266633911579178 -0.06480120242352634 0.4163021861493263 0.16249920106275656 -0.025455940581637866 0.16326386791074823 -0.03110858741696549 -0.3229793898738419 
0.21916752847884546 -0.0567665177202157 0.39406554842388536 0.08912324721424095 -0.33237839477369824 0.2155359616271692 0.011428378783691231 0.04739932844272722 0.45621382812534744 -0.524104281672254 
-0.39079703864439475 0.0714996001549976 0.0685262051069722 0.35821699765246934 -0.3646940777254926 0.4033258795414196 -0.4228101499684501 0.37945285367383474 -0.08790044281812949 -0.022760588735693622 
-0.2821434685907527 0.26265027358876925 -0.2838732390350274 0.5764669959856965 -0.11735590737365681 -0.24440477425662205 -0.5714920801245356 -0.3141859128324904 -0.3525443391445911 -0.6126980743176886 
0.3891701058561348 0.3448502461551633 -0.3225586320117471 -0.11052868074809374 -0.19261260840492753 0.06318938474996291 -0.35151889992822627 -0.3843162653089808 -0.06659184434741783 -0.2042799396727083 
-0.42388081846921655 0.010332599790090461 0.19166455551682976 0.3580382089684338 0.36897761625795933 -0.29447171268997535 0.31782861634048026 -0.33755491560486706 0.0006661366381203211 -0.24430806339628183 
-1.6976226574243254 -1.5238021235711803 -0.965869848514016 -1.8536182845123859 -0.6485756967547566 -1.5532035762911296 -1.6971824800628441 -1.644100126188969 -1.9885980695241972 -2.6105152958216697 
-0.3753693731516074 -1.8885658891813215 -1.8735800259125464 -1.0989091972529859 -2.6182862621078926 -2.3109997685736148 -1.752799938323623 -2.285633086586578 -1.148884149854883 -1.7237483406405216 
-0.7707682034413684 -2.4980704181668743 -2.047463567201302 -1.2309915347523823 -1.8964594080212978 -2.2513431521546208 -1.1094344748073575 -1.253426053011601 -1.6473661718914516 -2.1750440199425563 
-0.6255059275417808 -0.4984265340988206 0.1970671134129885 -0.4987287698787898 -0.6356492874069679 -0.9164868595015748 -0.8695313366533232 -0.8114576056811559 -0.49333619879175095 -0.8952022572311696 
-1.3132355157435658 -0.5822868732499038 -0.9671389051297058 -1.6707997101996452 0.19894338453470783 -1.460047059851294 -1.2273439499556538 -1.0469387180085434 -1.2621919862783804 -2.450254900151006 
0.43007124972409894 -0.4495575460499886 0.36406658054446905 0.17907029751717787 -0.4479929894687454 0.48145720526029273 -0.10321623915069379 0.21957531285643123 -0.12451943459621233 0.4793618381425392 
0.11456949478252622 -0.13920761318946479 -0.7108561925116743 0.0715968151379799 -0.18421064870211967 0.08934077171235169 0.11853169137438668 0.3109945358293329 -0.38472698226704094 -0.4419487221955647 
0.09459616295085303 -0.040064677180035625 -0.22867953297197272 0.3412112984425363 0.5136195934595271 0.35141020946081436 0.10048584219375856 -0.14612018471171823 -0.3431460417852843 0.34845032991489105 
0.30487997442382037 -0.44816850430056004 -0.19005959734832556 -0.43142724196824966 0.4554760150047332 0.11607357023516918 -0.2602526743282499 -0.030348993971404687 -0.2233935236819828 0.4519421653650562 
-0.24888387399589604 -0.15999567024722874 0.03467983488954009 -0.3978594390435058 -0.007168796469142832 0.23573328617311592 -0.20443929062415878 0.011348488677712711 0.3275293737998177 0.42678230130148137 
-0.10504183695245392 0.16105562806158258 0.6269606877702266 0.19574178592705457 0.14990477085479595 -0.470914590630032 -0.14559380748189665 0.11194654112243753 -0.2757225143896452 -0.49927155444841703 
 0 255  0 1  113.74822834004331