200 2 2
0 3
5 0
0 4
4 1
0 5
3 1
0 6
3 0
0 8
1 1
0 12
7 2
0 13
2 1
0 15
5 0
0 16
2 1
0 17
4 0
1 0
1 2
1 4
1 0
1 6
2 2
1 7
2 0
1 8
4 0
1 11
1 0
1 14
4 1
1 15
4 0
1 16
4 0
1 17
1 0
2 0
0 1
2 1
1 0
2 5
0 0
2 6
2 3
2 8
2 0
2 9
4 2
2 11
2 0
2 13
1 0
2 14
3 1
2 19
1 0
3 1
0 0
3 2
1 1
3 5
4 0
3 6
1 1
3 8
1 1
3 10
3 0
3 13
3 0
3 15
1 0
3 18
0 0
3 19
5 0
4 2
1 2
4 3
4 1
4 6
1 1
4 11
2 0
4 12
5 1
4 13
5 2
4 15
1 0
4 17
1 0
4 18
1 1
4 19
0 0
5 1
1 3
5 3
3 3
5 4
2 0
5 7
4 3
5 10
5 0
5 11
2 0
5 14
1 0
5 17
3 0
5 18
2 0
5 19
2 1
6 4
0 3
6 5
0 1
6 9
1 0
6 10
0 0
6 12
1 0
6 14
1 0
6 15
1 0
6 16
1 1
6 18
0 1
6 19
2 0
7 0
0 2
7 1
2 2
7 2
1 2
7 3
2 3
7 4
2 1
7 6
1 0
7 8
2 0
7 11
2 0
7 15
0 3
7 18
1 1
8 2
0 0
8 4
0 3
8 5
2 5
8 6
0 1
8 9
3 2
8 10
2 0
8 12
1 0
8 16
4 0
8 17
2 1
8 19
3 1
9 0
0 6
9 1
2 4
9 3
3 3
9 4
1 1
9 5
2 1
9 7
2 1
9 10
1 4
9 11
0 0
9 12
0 1
9 16
2 0
10 0
1 2
10 1
2 1
10 2
1 3
10 4
0 4
10 7
1 1
10 11
2 0
10 12
1 1
10 13
0 0
10 14
1 0
10 18
1 0
11 0
0 2
11 3
1 5
11 6
0 0
11 8
1 1
11 9
1 0
11 12
2 2
11 13
1 1
11 14
1 0
11 15
0 0
11 18
3 1
12 1
2 2
12 2
0 4
12 3
0 3
12 5
1 0
12 7
2 2
12 13
2 1
12 16
0 3
12 17
1 2
12 18
3 1
12 19
2 1
13 1
0 1
13 5
1 1
13 6
0 1
13 7
1 4
13 8
4 1
13 9
0 2
13 10
1 1
13 14
2 2
13 16
3 2
13 18
1 0
13 19
0 0
14 3
1 1
14 4
0 2
14 7
2 3
14 8
0 1
14 9
0 3
14 12
2 1
14 15
1 0
14 16
3 0
14 17
0 1
15 2
2 1
15 8
2 2
15 9
2 1
15 10
0 3
15 12
2 1
15 13
0 1
15 16
2 2
15 17
2 2
15 19
0 2
16 2
1 0
16 3
1 4
16 4
2 3
16 5
0 0
16 7
1 1
16 10
2 0
16 11
0 3
16 14
2 3
16 19
1 0
17 0
1 2
17 2
0 1
17 3
0 4
17 6
1 2
17 7
0 0
17 9
0 2
17 10
4 0
17 11
2 1
17 13
1 1
17 16
3 3
18 0
2 3
18 1
1 2
18 2
0 4
18 8
0 0
18 9
2 2
18 12
1 1
18 14
2 2
18 15
0 0
18 16
0 0
18 17
1 0
19 0
0 4
19 1
0 4
19 7
1 2
19 9
1 2
19 10
2 0
19 11
0 1
19 14
0 1
19 15
1 1
19 17
0 0
19 18
1 0
0 3
5 0
0 4
4 1
0 5
3 1
0 6
3 0
0 8
1 1
0 12
7 2
0 13
2 1
0 15
5 0
0 16
2 1
0 17
4 0
1 0
1 2
1 4
1 0
1 6
2 2
1 7
2 0
1 8
4 0
1 11
1 0
1 14
4 1
1 15
4 0
1 16
4 0
1 17
1 0
2 0
0 1
2 1
1 0
2 5
0 0
2 6
2 3
2 8
2 0
2 9
4 2
2 11
2 0
2 13
1 0
2 14
3 1
2 19
1 0
3 1
0 0
3 2
1 1
3 5
4 0
3 6
1 1
3 8
1 1
3 10
3 0
3 13
3 0
3 15
1 0
3 18
0 0
3 19
5 0
4 2
1 2
4 3
4 1
4 6
1 1
4 11
2 0
4 12
5 1
4 13
5 2
4 15
1 0
4 17
1 0
4 18
1 1
4 19
0 0
5 1
1 3
5 3
3 3
5 4
2 0
5 7
4 3
5 10
5 0
5 11
2 0
5 14
1 0
5 17
3 0
5 18
2 0
5 19
2 1
6 4
0 3
6 5
0 1
6 9
1 0
6 10
0 0
6 12
1 0
6 14
1 0
6 15
1 0
6 16
1 1
6 18
0 1
6 19
2 0
7 0
0 2
7 1
2 2
7 2
1 2
7 3
2 3
7 4
2 1
7 6
1 0
7 8
2 0
7 11
2 0
7 15
0 3
7 18
1 1
8 2
0 0
8 4
0 3
8 5
2 5
8 6
0 1
8 9
3 2
8 10
2 0
8 12
1 0
8 16
4 0
8 17
2 1
8 19
3 1
9 0
0 6
9 1
2 4
9 3
3 3
9 4
1 1
9 5
2 1
9 7
2 1
9 10
1 4
9 11
0 0
9 12
0 1
9 16
2 0
10 0
1 2
10 1
2 1
10 2
1 3
10 4
0 4
10 7
1 1
10 11
2 0
10 12
1 1
10 13
0 0
10 14
1 0
10 18
1 0
11 0
0 2
11 3
1 5
11 6
0 0
11 8
1 1
11 9
1 0
11 12
2 2
11 13
1 1
11 14
1 0
11 15
0 0
11 18
3 1
12 1
2 2
12 2
0 4
12 3
0 3
12 5
1 0
12 7
2 2
12 13
2 1
12 16
0 3
12 17
1 2
12 18
3 1
12 19
2 1
13 1
0 1
13 5
1 1
13 6
0 1
13 7
1 4
13 8
4 1
13 9
0 2
13 10
1 1
13 14
2 2
13 16
3 2
13 18
1 0
13 19
0 0
14 0
0 1
14 3
1 1
14 4
0 2
14 7
2 3
14 8
0 1
14 9
0 3
14 12
2 1
14 15
1 0
14 16
3 0
14 17
0 1
15 2
2 1
15 5
2 3
15 8
2 2
15 9
2 1
15 10
0 3
15 12
2 1
15 13
0 1
15 16
2 2
15 17
2 2
15 19
0 2
16 2
1 0
16 3
1 4
16 4
2 3
16 5
0 0
16 7
1 1
16 10
2 0
16 11
0 3
16 14
2 3
16 19
1 0
17 0
1 2
17 2
0 1
17 3
0 4
17 6
1 2
17 7
0 0
17 9
0 2
17 10
4 0
17 11
2 1
17 13
1 1
17 16
3 3
18 0
2 3
18 1
1 2
18 2
0 4
18 8
0 0
18 9
2 2
18 12
1 1
18 14
2 2
18 15
0 0
18 16
0 0
18 17
1 0
19 0
0 4
19 1
0 4
19 7
1 2
19 9
1 2
19 10
2 0
19 11
0 1
19 14
0 1
19 15
1 1
19 17
0 0
19 18
1 0
