2 2 5
0.09464672589936247 -0.6449041689353074 -0.2428473430341186 -0.2241555309778103 -127.65607820935602 
1.5554498719811933 -43.43396442578147 -2.6982726005780617 -6.864680050237981 111.09479435465144 
-7.260858771851723 0.5983478205756692 -2.1602568608748123 0.9875377742220834 28.0758275452138 
-1.3284930421399956 -1.4371219394721981 
-1.3155878963292509 1.2875755239859636 
1.6478244303434952 2.37096692612469 
1.6064999785834506 1.8090291530431288 
1.3581240174013438 -5.669430937069413 
-1.343585015545288 -1.6371688907341202 
 0 19  0 7  3.846245341126649