36 11 10

3 2 2 1 1 2 1 2 3 1 1
1 0 0 0 0 0 0 0 0 0 
3 2 2 1 1 2 1 2 3 1 2
1 0 0 0 0 0 0 0 0 0
3 2 2 1 1 2 1 2 3 1 3
1 0 0 0 0 0 0 0 0 0
3 2 2 1 1 2 1 2 3 1 4
1 0 0 0 0 0 0 0 0 0
3 2 2 1 1 2 1 2 3 1 5
1 0 0 0 0 0 0 0 0 0

2 2 1 2 1 1 1 2 2 1 14
0 1 0 0 0 0 0 0 0 0
2 2 1 2 1 1 1 2 2 1 9
0 1 0 0 0 0 0 0 0 0
2 2 1 2 1 1 1 2 2 1 10
0 1 0 0 0 0 0 0 0 0

2 3 2 1 2 2 2 2 1 1 7
0 0 1 0 0 0 0 0 0 0 
2 3 2 1 2 2 2 2 1 1 8
0 0 1 0 0 0 0 0 0 0 
2 3 2 1 2 2 2 2 1 1 11
0 0 1 0 0 0 0 0 0 0 
2 3 2 1 2 2 2 2 1 1 12
0 0 1 0 0 0 0 0 0 0 
 
3 2 1 2 1 1 1 2 2 3 14
0 0 0 1 0 0 0 0 0 0
3 2 1 2 1 1 1 2 2 2 14
0 0 0 1 0 0 0 0 0 0
3 2 1 2 1 1 1 2 2 1 14
0 0 0 1 0 0 0 0 0 0
3 2 1 2 1 1 1 2 2 3 13
0 0 0 1 0 0 0 0 0 0
3 2 1 2 1 1 1 2 2 2 13
0 0 0 1 0 0 0 0 0 0
3 2 1 2 1 1 1 2 2 1 13
0 0 0 1 0 0 0 0 0 0
3 2 1 2 1 1 1 2 2 3 15
0 0 0 1 0 0 0 0 0 0
3 2 1 2 1 1 1 2 2 2 15
0 0 0 1 0 0 0 0 0 0
3 2 1 2 1 1 1 2 2 1 15
0 0 0 1 0 0 0 0 0 0

1 2 1 2 3 1 1 1 2 1 6
0 0 0 0 1 0 0 0 0 0

1 3 2 1 3 1 2 1 1 1 4 
0 0 0 0 0 1 0 0 0 0
1 3 2 1 3 1 2 1 1 1 17 
0 0 0 0 0 1 0 0 0 0
1 3 2 1 3 1 2 1 1 1 6 
0 0 0 0 0 1 0 0 0 0
1 3 2 1 3 1 2 1 1 1 3 
0 0 0 0 0 1 0 0 0 0

3 3 2 2 2 2 2 0 0 1 3
0 0 0 0 0 0 1 0 0 0
3 3 2 2 2 2 2 2 1 1 3
0 0 0 0 0 0 1 0 0 0

3 2 2 1 1 2 0 2 1 1 7
0 0 0 0 0 0 0 1 0 0 
3 2 2 1 1 2 0 2 1 1 16
0 0 0 0 0 0 0 1 0 0 

3 3 2 1 1 1 0 0 0 1 3
0 0 0 0 0 0 0 0 1 0
3 3 2 1 1 1 0 0 0 1 13
0 0 0 0 0 0 0 0 1 0
3 3 2 1 1 1 0 0 0 1 4
0 0 0 0 0 0 0 0 1 0

1 2 1 1 3 2 1 1 1 1 4
0 0 0 0 0 0 0 0 0 1
1 2 1 1 3 2 1 1 1 1 8
0 0 0 0 0 0 0 0 0 1
1 2 1 1 3 2 1 1 1 1 12
0 0 0 0 0 0 0 0 0 1