11 10 10
2.9785087266566594 3.7614390166608387 3.8259659211609316 -2.4281745307622753 4.717211170231732 -8.450946419778473 2.2998583456731403 4.998787372666248 4.370480772939381 -12.688219050341754 
-9.283711450848358 -3.7354590306799036 -36.517487830351136 -12.490605263803438 -9.150222232424516 17.678256997640275 -1.632139633224752 -2.0833359430691463 0.6029542930218163 27.455921373734316 
-7.673855329916801 -1.8421551283300963 2.458196313055746 8.247526912561671 -12.465093669282947 0.48370112217239775 0.49650460837526833 6.498904456160771 -4.449966488484998 -2.83003010680926 
-8.947847728547801 3.200231990505131 -1.4901482706256313 18.914020452177372 -1.9211700896599087 0.1841696990250443 0.32549838452925495 3.46637328470565 2.019633428785313 -3.2779889550999464 
-4.075643471351302 -16.092478428465693 -3.1931570229021196 -15.30713056479169 -7.070965982294554 -0.9505557751664659 -1.2791288487063237 6.420830163546864 0.6683384156228998 1.3442381171381266 
6.238848077481943 2.89749765439273 16.746615464727743 7.158495093591715 -7.452456566071757 -1.5803525752248495 -1.6741775824699383 5.227592717289814 1.2852092187062236 -2.150461040797322 
6.377009922534869 6.54732034263412 -19.07227688033974 21.42821685171977 6.5215052500995725 -3.327147539430409 -2.5253573192568237 -10.721217901534 1.4956723073891838 -2.5237924774944513 
-8.889113853153901 -23.02415574760512 -2.4300342629308544 10.15563414654367 -17.60524187338146 -2.397271156816243 -6.139294274479929 1.1377918922069679 0.5958813503832708 1.0433915968379215 
-4.587528339625093 -12.692569395213157 -15.543936259830401 10.020711252594024 4.374809169924668 -4.868545607925698 -6.169401087283757 -9.551981785732426 0.15243214000734645 0.4013726529386534 
-2.566621936862787 -17.811341768853573 -1.5171399308962084 -14.996187791286124 11.484601102480429 -4.055357305830953 -2.888128230084194 -2.1677270324686067 13.913783104914904 1.9489150399181319 
-1.0421739144985291 -4.346716218422615 -5.745359713318454 -12.542125681030782 -6.3290080772834365 8.204099712606508 -1.8346656170269064 -1.4617886325874234 -0.659755073967839 14.1537931632003 
-2.7200279158899368 0.7012229964679125 4.799430166977816 -0.100450397694619 -1.0956404240551625 9.171138085500065 -2.2075203041183777 -13.313639982060547 -15.955282958384263 10.220189651840803 
-9.007030556561906 2.2007342287422977 0.5958026109862059 2.6963498822810124 -7.153034861212654 -15.914601290841556 -6.033310432191947 -8.487658316364186 -9.199879603353852 -16.5153282966026 
-1.4092250028852509 -4.128405564151989 -3.3442388656584634 -3.611683329139126 3.8651324217619534 -5.803403181646311 -3.5679119823927237 -0.03442283542084585 -0.746076710904622 11.337713081106044 
-4.113505813701992 -10.610362761545762 -5.887394681757226 -6.921530809729204 -5.743422847200357 -2.123414799492826 -4.054846187501204 9.848737188684321 13.994663744132257 9.865515716367904 
-7.550731578132951 10.415126608988347 -8.986199869856176 -15.180862795397305 9.820396347808424 14.806186870211514 -10.478356656913201 -14.039064939870658 0.7475981226599554 6.970635507347205 
-5.428217465677969 -12.750454560494015 15.311946219321902 -16.962136971356678 -12.93422793049199 5.082826613867199 4.2245887665465744 5.740641950616337 -7.959280562850005 3.6776434793067327 
9.076967796570024 5.636377074643118 -4.807298153390351 -0.006731546539625381 -0.6799040737997797 -10.716236558316554 -13.132803626949801 7.77431334206628 -5.01779700002979 3.1308989774091005 
-2.2278481294957397 -5.436347378955312 -7.601344846367439 4.181270307557811 -4.438675214605691 4.4302539714044595 -2.0281038825271214 -0.08335144076730977 3.339229374907274 -6.299798894422597 
-0.6013107073871868 -1.863068550508241 -3.604088185894321 -4.74000392697535 -0.15487243598113845 -2.082148935551476 -1.2080755136043149 -1.9921935207800783 5.600240617039379 -0.15710388494316832 
-2.286169303343184 -10.674385752237074 -7.199585340090332 -6.40948150443693 3.9984221613992528 7.908900922650874 9.675969912171158 -6.665484761653235 4.675511175548966 -6.119145882621954 
10.581797457537157 -10.244062097787502 -9.292956351040472 -7.566977238259233 0.9733574262934848 0.6354491983212587 2.8666908052743807 -2.976054919543078 -4.081138019133224 0.7323075157357667 
-0.098577873619168 -10.214065694589154 -5.39682776916637 6.110683500124954 -4.616284626996668 2.9088919194284806 -2.5136320016931104 0.3172828812841128 -3.8655890462057862 -7.539073070962122 
 0 17  0 1  0.00045336095659382903