101 15 

0.3066730329106068 -1.0228289436319173 -0.4181264016786451 -0.7074101167783959 -0.893606324814498 -1.797632464987436 -0.7541120185285749 -1.404865943310226 -1.2580229886207144 -1.604607717306044 -1.7177586582492594 -0.4177592291502006 -2.91139672835049 -1.0060144339735098 -0.9582084023999992 
-1.7547259032613545 -0.8278930674418037 0.23178352921954712 0.1882225018629856 -0.49462218881016845 -1.3728836782261133 0.9523716247391827 -0.6395334981320024 -0.11910790882220183 -0.7386401250569523 -0.2377772082726024 -1.240795882812387 0.49403628573890984 -0.5633798820980173 -0.5188899102518524 
-0.15855491695928556 0.8127352111088168 -1.2038235563443114 -1.1809043259481065 -0.9865361312756512 -1.6077861789279668 1.402177944754306 0.2906970202660349 -0.7669336175152522 -0.8470751876172484 0.025237497406910267 2.323647522175701 -1.237601094683938 -0.3676488526500486 -2.1850775635869217 
-1.152353989827338 -0.6748473154195378 -0.17489535743917883 -0.6142361400189442 -0.2673874699847952 -0.8710649809275823 -0.7339734989344455 -0.7280999167636238 -0.6518326231244996 -1.4462697426433215 -0.9663258398900235 -1.2673168553183003 0.10720155333855876 -0.8312772493423865 -0.3985624309414386 
-0.2986770885585357 -0.3276552148516855 -0.9686900593062954 0.3947829104100707 -1.1960576376019016 1.5562411059090548 -0.2317287170186082 -2.328367715489854 -1.2166617937239415 -0.6992188131191097 -0.45174870017206076 -0.44799088851704627 -1.9317468571134802 -0.6117679445614588 -0.9029148372267284 
0.5805048204775697 -0.27237651893823744 -0.7210948944471978 -1.1040791205399723 1.594275969459503 0.10497762488843405 -1.1655022654244067 -0.2018518374441527 -1.1303613403212185 -0.860912842062611 -1.1201037842925918 -1.3591418966146185 -1.4181463632137017 -0.636224559360607 0.025862941477185413 
-0.49921251525995514 -1.1600839598185475 -1.0153661138183645 -0.6583749851086137 -0.5576710458354017 -0.09544934268994393 -0.22641424462459914 -0.5221189679764928 -0.29166883090038215 -1.2455706802170445 -1.501773887435713 -0.4451551326544652 0.4590088741264287 -0.16460279266861938 -0.4169128068178071 
-0.7607610948479573 -0.745220753210101 -0.19878792911384444 -0.03377526888268365 -0.24757302228593012 -0.10281772838942434 -0.028313656714106922 -0.5046700501624949 1.2291201222074386 -0.034373096905921836 -0.0906203433733217 -0.576804743113801 0.24770709801046123 0.19980723188669317 -0.47317068223104614 
-0.33703243924599713 0.31598109724615175 -0.5431962299789951 -1.688804190797493 -0.27974958287564866 -0.499725819658785 -1.181361272972165 -0.5365106191035259 -0.815779762747417 -0.8549324295339282 -0.5785467204686737 -0.6361905483855703 0.9662012457009064 -0.6003947505870515 -0.7036778979281271 
1.7078138085089514 -1.138429585694774 -1.8828310964159078 -2.0342842147715587 0.554842452483339 -0.5231201208141176 -1.388807327151834 -0.8069730515220658 -1.4939217673448066 -0.050753868510039296 -0.852430646326601 1.935575677082643 -2.612391098379552 -0.8363793483016825 -0.4106233614744462 
-0.7063818584988727 -0.18643513558188754 -0.49680203676599866 0.5006404100311318 -0.5233301444498312 -0.5960519525550256 -0.9170342535142068 -0.5387344763068162 -0.24314493962675843 -0.42637639613832595 -0.2929646346395189 -0.6664028994637408 0.004632484165602244 -0.24199026028138299 -0.7308607330212463 
-0.1575673788685611 -0.8561491988482098 -0.2874535201753433 0.05329551005143664 -0.9177699275265913 0.5244996627199817 -0.9339486198355734 0.8478464656814263 -0.6970361098343316 -0.38322020989725153 -0.11885564483600962 -0.6852167191523337 0.24882077545925635 0.270934926818584 -0.8944185799763981 
0.1784224116798581 -0.3989521907382202 -0.6566120326054358 0.2866835656256774 -0.1083185144285353 -0.828681887172795 -0.5281951802695011 -0.6482250430571066 -0.9188403183086807 -1.1555108790387387 -0.24660316914878186 -0.5736373600316103 0.416683060499412 -0.28462825547477943 0.0009429075996617033 
1.5567132471599778 1.0934681535739683 -0.5936446589404253 0.1342798171755812 -1.1788159418306066 0.13356964417545075 -0.8341915626167251 -0.7784563186736907 -0.47557984796227076 -0.6578628578151958 0.06579989420307249 -0.5994891766441084 -0.42537857760091524 -0.3012555178662071 -0.7184040027825326 
-1.998561334747032 -0.5900729497948259 1.384777534200095 -0.49762855303966713 -1.1979786695845804 3.0548141697653146 -1.3593177329822284 -0.11906663719312668 -0.4016070339749429 -0.4941844345902578 -1.484008879486528 -0.8475745333474136 -1.2078154843030033 -0.2590943625809464 -0.8875768334662051 
-0.34286663415955965 -0.2038344142752807 1.1657547835024844 -0.31217416716219726 0.1869108639158484 -0.06899430434381915 -0.3051522585779887 -1.0712756671256445 -0.1392117137979139 -0.4788235724705116 0.14814032125902676 -0.6190790644133238 -0.6379607172754546 -0.07173192095019595 -0.997857263319282 
0.42843579926755776 -0.8029448882965198 0.08693609793548206 0.0289402134714671 -1.3181037492941499 -0.6872415240538559 -0.9649440326191823 -0.5800330440899285 0.4448355844579003 0.012834665658793322 1.3639126929187129 0.01392322539296609 -0.075118658113302 -0.6077698609405999 -0.933051345746436 
-0.7854189809180965 -0.8347372030400443 0.5606098568852245 -1.5909159710748062 -0.593699890270456 -1.0910854206714378 -0.5979055571397243 -0.52411766028607 0.0722579992119081 -0.5545351762970654 0.917757813168481 -0.028749536867585117 1.5869656738482594 -0.5630592487243236 -1.0676071990758331 
0.03352244945718253 -0.5547053788296851 -0.7303459410289999 -0.49051669206189386 -0.9059503945372524 0.1100251248747836 -0.36157907080447316 -0.09837090097129211 -0.7581411795296896 -0.22039050666622922 -0.2061240829604902 -0.3122340413866352 0.1256088269739208 -0.42576621374178686 -0.11497368249139234 
-1.5703229529681806 -0.01480127682746577 -0.41894241218942635 -2.38926177945896 0.0038064572552661898 0.15110677530734107 -0.9593253767273774 0.07382634894834064 -0.6788356370064834 -0.2187570900644264 -0.547131402634885 -1.5061155098714447 -0.5868576723848601 -0.574494156117018 -0.24982415977241598 
-0.7199990157775231 -0.8794383232960502 -0.03167743401875385 -0.005863922078479893 -0.4635738224529051 -0.5819014192280392 -0.2302958015625032 -0.5293620798380023 0.7568199421482019 -1.264153561531077 -0.03492310591271282 -0.2600186582209585 0.4231315846430375 -0.717425303952313 -0.4205434833273995 
-0.5625640865149244 -0.6601780799937509 -0.26400720334136263 -0.7905906093965619 -0.5187340314158986 -0.12211711003228956 -0.6470094171410586 -0.35294795235789495 -0.8886015716400044 -0.19232623010984812 0.7199907346003658 -0.08468234098962919 -0.4348162996904073 0.12050794774566428 -0.40291524804634465 
1.094922318833294 0.6792558341863806 -0.8983493079674354 0.8580762940713118 -0.5963408239823153 -0.1753695527132071 -1.4016960627168369 -0.19640833647492656 -0.05262589315701467 -0.7466387917775929 -0.4311398674689196 -0.4306045985909527 0.12424318834686601 -0.5925277878153303 -1.1889665010594326 
-0.8076725838876138 0.9866107858927128 -0.8671178851967279 -0.9063077722835721 -1.3998476766021049 -0.8409957159313716 -1.2794350741459646 -1.723753372728219 -1.2753161374482611 -0.40063849346701214 0.05289382331950276 1.7257735801909995 1.0041826756067753 -0.290191996195463 -0.4439688299108521 
-1.4732377164301254 -0.7561432231025388 2.33253808084609 -0.5129551011062296 -0.4627916546555705 -1.0598151004466663 -0.8572377996766325 -0.43560912962651 -0.3879103691111274 -1.200923445464087 0.8276608617785601 -0.8767414709300382 0.9706332326890179 -0.6065504889172695 -0.9440580023133137 
-0.5593705702675327 -0.21661341117027522 -0.7106396537194396 0.09241359673484198 -0.7763184153962696 -1.0671588464203003 1.2011574854266747 -0.09363416541636276 -1.4020499467313408 -0.13466035445306676 -0.23459255698090203 -0.36070624106161553 1.4629789345522781 -0.6462581138112872 -0.9035896697322273 
0.9119334110520982 -0.469134492252702 -0.41476214702445496 -0.6340729600592607 -0.841807157819363 -0.3103416106299394 -0.335482043896707 -0.26449456603610405 -0.44085603106522897 0.09954581067078792 1.5021903746089427 -0.48130247351116584 -0.36144374159593856 -0.38309121366716725 -0.07828652531530089 
-0.6671849613635573 -0.035015255344899736 -0.6466655949301233 1.2310538429113846 -0.9965242583240089 -0.6586690139734253 1.9136698708956015 -0.8269302431151466 0.48128049178103144 -0.11371236867632331 -0.3610733080448007 -0.1254088187330444 -0.4507846253850995 -0.42610159323378727 -0.07955351522688066 
0.8695630037674481 1.5606554944253108 -0.9358512535389966 -0.16606908381112262 -0.5332756064830871 -0.1614491893581926 -0.9584742469627974 -0.8306277557601702 -0.5478035207587696 -0.6661887187253034 -0.37292216628225483 -0.48801687511947156 0.316445953533015 -0.1446912383725223 -0.9238393419392417 
0.12444897350112358 -0.8730908897404519 -0.2505023723016306 0.06125029330751663 1.209382068630469 -0.961571853010253 -1.4003533157114294 -1.081210628401775 -0.28400242420004573 -0.5134584454567822 -0.6817510710242557 -0.945921429859733 -0.21784490556208763 -0.1701585261382659 -0.8640136909261345 
0.8150674648809071 0.2644602594979067 -1.3448235121864343 -1.1597604983333336 -1.8249539215868849 0.976891216859998 -2.272129324968844 -0.08335042864612584 -0.9917895750706737 -1.3540682120899439 -1.2784272905244243 1.0480146037962843 -0.37548683868672666 -0.8763045935734164 -0.6925280968211628 
-1.4795035177894114 -1.9918839609302186 -0.00043316207895888426 -0.5252471616027574 0.05150673754358956 -1.316327465651077 -0.9040568098544157 0.37168385184469177 -0.15145708726403126 -0.41381584554265105 -1.0935465291273323 0.7258735071130329 1.1478776526031635 -0.45894233558636743 0.6528950699926799 
-1.3626530031089386 0.960027460621623 -0.5388666312107276 -1.8877534619893028 -1.6304389661058545 -0.8087750701827554 -0.7115863235635864 0.5559076072294403 -1.4705699881645082 -0.7330187378316787 0.1518146797905092 -0.4789712077821516 0.9746511570578317 -0.3883059579180814 -1.110995604430424 
-0.07875584466530936 -0.43947327342080844 -1.131349146084945 -0.7025320905552267 -0.6366628687013947 -1.9271080476921447 -0.7702550102120528 -0.7050964108725409 -0.36476515525847586 -0.2518447161973533 0.9431427645476194 -0.2336995450449 0.6794180231841963 -0.6334225533036464 -0.8468965860436697 
-0.4886934465356463 -0.36079805040679586 -0.20127837737798776 -0.26320011998019666 -0.12395663628073365 0.3437864177777228 0.045597219844734166 -0.2236461667329626 2.7553939060099903 -0.91231638547442 -0.437979116575667 -0.9247357336536057 -0.22911167785518397 -0.246557774473468 -1.733430339335698 
-0.2789066821657974 0.1393977510707977 0.3258189824853414 -0.0018800855592164755 -0.6960810460439819 -0.3428432536686704 -0.2417456222119741 -0.6147134089776282 0.1294824073126621 -0.057801727139467005 0.578338696145575 -0.5167347290391506 0.11530923230093944 0.19182898213339777 0.15286866473193095 
-1.128986774866146 -0.8830360892460877 -0.3299948893393757 -0.1826777237137618 -0.5408870498944011 -0.7783869146964565 -0.7245118173883484 -0.11387815714616409 0.7087813849063603 -0.3447917042344543 -0.18430900731110283 -1.151763258198521 1.9628842943394869 -0.18273029737160787 -0.3760544061518556 
-2.0342112560254035 1.1954788427770207 -0.44278330237719077 -0.010904780589247366 -0.20082071183223002 -0.32022840470661706 -0.41725502548871074 0.35949856375330774 -1.8174358098227423 -0.5779892724811103 -2.4291233045404605 -2.2183256697779967 -2.206384533714768 -0.6148262879300896 0.846059686834295 
-0.9414529527492085 0.7506252587306075 -0.34810984170143006 -0.2697530578222241 -0.9884789893870349 -0.617874629390214 -0.7536784206953135 -0.5983424854842866 -0.29893335201030113 -0.26622317314012556 -0.46765171932221583 -1.5172113009178176 -0.35536351363790797 -0.3845247677487467 0.4668420842558375 
0.1877013677800705 -0.6927007758936331 -0.3308888138851586 -0.36219299481379313 0.08799975751099495 -0.38357425822050795 -0.11207387404732014 0.1590934733733342 0.5433219272954104 -0.630328259294282 0.4359514672878542 0.16648185344652 -0.0672091262253708 0.15390895893124656 0.06609759529108522 
0.46151117039109424 -0.5734889344151475 -0.11559013020891437 0.9320436860047342 -0.015511455182343653 0.370744589315744 -1.0978717982295978 -1.0404240465937171 0.7156567082276967 -1.1843832121357063 -0.44016206775547956 -1.1223304606265676 -1.297704153945609 -0.8075151239864546 -1.1476888311337374 
-0.9651113231914354 -0.796666754120097 -0.6489836258916644 1.0505968279736544 -0.7162314462115753 -0.4993496173677369 -0.6381764671602276 -0.3137602381812351 -0.7131173323029362 -0.739674770839228 0.4095422445772208 -0.5138857336816884 0.4158835949169009 -0.6296259632476438 -0.751119864697583 
-1.205437187210756 -0.22263767375923538 -0.10267410886338144 -0.5176120162079705 -0.530840656636839 2.3784283161915467 -1.37888619702947 -0.6966762999559314 -1.0643274194160937 -0.11508912748826126 -0.6443426013890752 0.2068529036091998 -1.0242028031261898 0.2323845150552588 -0.46125025802008757 
0.42714513127965825 -1.2597652458154787 -0.341439346282623 -0.17921538667578255 -0.6448279774306855 -0.8679539188955705 -0.5292649657572117 1.4553279464067832 -1.207677355340796 -1.0355839593133103 0.989795882273869 -0.37877509997634773 -0.40949734776202024 0.25158207069144745 -0.15985757132043435 
-0.6199892504675348 -0.7962165545473441 -0.9851502853196521 -0.8319404658904155 -0.37568509601264843 -0.6435558129229408 -0.4869415188955092 -0.31516665679602307 -1.1861279419094528 -0.8062686308346002 -0.6120852231048374 -0.7257155287545121 0.16197629496450489 -0.337929357392558 -0.9140781820248934 
-0.5334464980078202 -0.06739101932677966 -0.49450918307794295 -0.40488893617870536 0.27978539697557825 -0.6747492148152398 -0.006331313189246174 1.4107429265707438 0.4730073778049853 -0.5553321131565527 -0.36317146206851814 -0.11438788549307774 -1.0557505972448502 0.13232214959459127 0.30397721383980064 
-1.1018207158212212 -0.4349460418693319 -0.5343057722018973 -1.905473394237435 -1.1811945400766095 -0.8122779756789957 -0.38584508242251125 -0.606019566191818 -0.8503301058158855 -0.7819336316666294 0.24186185536891328 -0.861251361260328 1.0655393485026377 -0.6750252754664082 -0.11917695434455358 
0.5789807335223485 0.19386537944807652 -0.4487090140907326 -0.3331267439413684 -0.44606973439246306 0.3964619942091588 -0.4188318522265933 -0.8324408881203067 -0.4929800227672962 -0.429126585824819 0.16427618150538573 -1.3095897260697795 -0.7632717824651242 -0.27261379982380896 -0.9367626971001674 
-0.7791225501905266 -0.9547591714506164 0.040547009896863856 1.2286200034505745 0.2957798348640306 -1.7811012600159386 -1.6231524270010749 1.8386568860664103 -0.695128573831491 -0.551973725309944 0.232587126149813 -1.0786604823489945 0.06681799015959532 -0.36589557772725934 -1.1064197665779596 
-0.1365071136933639 -0.7340204537735601 -0.5174730551033923 -0.47814972455166344 -0.652831700393753 0.16710170643990122 -0.5601123694253039 -0.02677371295941514 0.0019180832423500369 -0.2249881334190189 0.38506152952782313 0.006097794869911658 -0.2900360692324043 0.24400171073705615 -0.1841025057694486 
-0.6219449114949882 -1.6050443813074426 -0.6985900467782213 -0.5484135215786993 1.850980200841029 -1.7660414234336994 0.04284549873132768 1.2838399394109279 -1.3947977315676012 -0.975190053924845 -0.8281177208730375 0.5965720269662554 -0.68046809275257 -0.6749395169298464 0.43802684579612233 
-0.8274083057207109 0.9031666942755438 0.134431198280424 -0.20266316307878823 0.1229113482913609 -0.9658243471279784 -0.6568668020387708 2.2057513643431936 -0.05712001567300677 -0.1299935074384073 -0.3360671298730143 -0.5549103690395023 -0.5817148808667727 -0.1697700177609557 -0.6481690014023468 
-1.3927202355770087 -0.12393810943872093 0.7997022005130728 -0.8237334392582967 -0.7905832336023247 2.121839615368292 -1.37766801109719 -0.030277527943617388 -0.6836434452379095 -0.15341434836943565 -0.9369287097090455 -1.5362151009580618 -1.2510734198048632 -0.019557335217097186 1.0953488493549859 
-0.7156329956068153 -0.40134111709476117 0.7208658611855797 0.04806505964319673 -0.69114626019575 0.2815443509395037 -0.2017548574382436 -0.7875060801891362 0.28292584726292574 0.008132170214750437 0.19503879888618278 0.08810524289593241 -0.07604849193652735 0.027648244206956087 -0.26895418218872885 
-0.5631325838945549 -0.9805912897251782 -1.1834033512860882 -0.3908301803764913 1.3106504371462186 -1.091023320926345 0.7723129229307832 -0.7585139592489151 -0.721781961419927 -0.15359131354398683 -0.3901951069409919 0.8509969257747873 -0.17223968508990758 0.16015830444679488 -0.6691328008133383 
-1.5332662535355384 -0.2250010505915861 1.5906159137106832 -0.17100732318847262 0.03910106609140424 -0.2419170144091434 0.4171624107613724 -1.0105048796544676 -0.7009185435163609 -0.5738237471190627 -1.4224251691872511 -0.7442866945429563 -0.47907529428759704 0.08500170770743105 -1.186250750452565 
-0.8958954202128217 -0.52874266672326 -0.8406726324925434 -0.2990623195783883 -0.37577685855686244 -0.30050051842673353 0.7627582845370641 -0.7268482115725022 -0.047637046088059 -0.8401458403066708 -1.155340966744504 -1.1081851134856067 -0.02042027618703971 -0.004531050276333234 1.083027061841286 
-0.8518034967263726 -0.991602041167353 -1.066551788997221 0.024849108195225404 -0.9004744416144052 -0.36588688344220427 -0.8826115134085298 -0.8431429053884321 -0.7246892236751246 -1.106149280863227 -1.3439397784564933 -0.7504383615030716 0.7989674169584122 -0.13585494803835121 -0.35770798627942224 
-0.8851129907322557 -0.874450470735809 -0.3632790608005535 -0.19412214578427936 -0.9321823722805743 -1.1102657694213565 -0.5686447589279998 -0.8671429782844798 -1.3404641773657604 -1.3987782347113633 -0.7096420619291347 -0.8502369027167989 -0.15591431868443414 -0.5256467288692476 -0.6482469305996024 
-2.750228506594669 -0.30098283477761434 0.5710173431004112 -1.4325976460479826 0.014450535492251093 -2.837132073717247 1.1357668330970279 -0.873151224873741 -0.9264107274282579 -0.6422874841636288 -0.25081248799949235 0.6421990780943544 -1.0820261790659353 -0.2747857100108993 -0.6561331049300911 
-0.6200279029237465 -0.476186751106414 -0.3413781766685134 -0.7709361992510309 -0.9995080347064426 -0.9014325688505193 -1.0675919303752455 -0.16296241883022247 -0.3616147626181103 -1.1385648396231742 -0.7907582963952544 -0.7270013176778595 0.12307839477848931 -0.24763423940643534 -0.28185578048220605 
-1.1234436758327038 -0.7123598665957769 1.8764378291046002 -0.5849396638058867 2.289329289307581 -1.0231889744833185 -1.531391226979355 -0.08780433003551236 -1.085696767875985 -0.6953091476044903 -0.2606938763701564 -0.704900573304223 -0.35119060811355163 -0.08328849123042639 -0.5542992108615555 
-1.6415814642421838 -0.21044630670809095 0.47395134869717676 -0.7914981661049424 -0.565766221533774 -0.496195067812013 -0.34614653702365167 -0.2305999363368071 -0.8019263194688248 -0.12258822511803466 2.0259272410416487 -0.4612473966598352 0.24627779891403606 -0.6305936357163855 -0.42051005738427794 
-0.47266346641201246 -0.0907402123974994 -0.21120654876954295 -0.25766953969379486 -0.5378766869748616 0.45649561788000875 -0.6395171322087073 -0.3564204626475811 0.601276766929211 -0.21048359441496572 0.5429627644223133 0.8503303244104048 0.0005396630394296334 -0.10365951325802637 -0.5087312612049774 
-1.8790451632785279 0.3298341693383214 -0.9794487066632036 -1.3001727790284319 1.1392012647491496 -1.3722543091496 -1.4011520672611355 0.4185963104693262 0.6391738790962023 -0.38342161521401713 -1.1952545092231457 -0.11113406541566871 0.23396316696107614 -0.3562301410882895 -0.507301762029214 
-1.3856735139879597 -0.20319723354439692 -0.47816086142463304 -1.3968911204009535 -0.3617732069918196 -0.20662574278694795 -0.1996161077266342 0.14535776057873823 1.659508341026081 -0.223727883282081 0.7678778346301018 0.22721575220153561 0.5101387430939239 -0.6676531215859296 -1.273762089252819 
-0.2904621522601685 -0.7940319254874074 -0.38156432875781976 1.148120266385218 -0.7940290560540287 0.270752136431716 0.6471963320883248 -0.439272291923073 -0.5507954006973209 -0.6330400554583068 -0.32212861369806695 -0.7333520685333717 -0.5672967942842955 -0.5981336034685316 0.9474178810801837 
-1.3349823322019219 -0.48651720713635993 -0.5639696919303769 0.03000001994460294 -1.002501977227854 -1.0425175125688242 -0.16371561584093505 -0.4072323843525547 0.3025067671649462 -0.7324579431508509 -0.3385753646529586 -1.2090934423468434 0.6579244347521215 -0.7017270800431106 -0.7837084266232124 
-0.26521283488836056 -0.643846497338484 -0.5576328077836177 -0.9213139266787399 -0.48911544258085193 -0.16492969456560153 0.26051765938700394 -0.4990641960630487 -0.44604732655803475 -0.877026435888224 -0.06317407276361776 0.3198026810643848 -0.4451205246532381 -0.02062772726417408 0.9726242455268889 
-0.9019767716348813 -0.06324399060283736 -0.37604605520119044 -0.7160150587832498 -0.7360950385576853 1.6438299724276972 -0.4825304789622401 -0.5550269782279425 -0.18475274284361176 -0.06495518628273131 -0.0907410428279783 -0.9382855801140758 -0.3341216049265448 0.10884325639755785 -0.8663667017329279 
-0.21187086525566623 0.12303570290820118 0.3894584770160305 -0.5976678216915634 0.21237534533408975 0.007266828704218904 -0.6203450899973991 -0.6877876921882455 -0.86511061485288 -0.7021663794815043 0.9597488407612722 0.19505947290377382 -1.252077087463158 -0.4811770668566211 -0.19839098871401756 
-0.11336130123005797 -0.20145377714701085 -0.4471702517383655 -1.1464512996601848 1.3734623350105217 -0.753031667861792 1.2942134514440187 -0.3366440819298447 -0.9505696282717416 -0.4529968931792331 -0.6469480773251906 0.3807896885196933 -0.6530226113782245 -0.4280520885188226 -0.6465807209366337 
-0.5158434813425032 -0.27379284361134393 -0.7043958605593068 -0.20137547502140618 -0.1547237635225782 -0.3498897002997283 -0.5805787439137234 -0.10159458901148838 -0.14211727480517164 -0.4633575652055825 -0.3314775711474495 -0.27775519610937066 0.08407057391424741 0.02027685356707927 -0.4493275048220175 
-1.1047748807671036 -0.8093301868970535 0.1676343271658237 -0.32963303649762177 -1.1452579616206153 0.7030320255822488 -0.9902397159590962 -0.03951858603177181 0.8550726013301293 -0.7167022175497367 -0.934195512577858 -0.4398452269883269 -0.14308623442793725 -0.70246076567323 -0.6161000576425562 
-0.7137855231590354 -0.6704260628674903 0.2082538595056229 0.8999341204229107 -0.3522326519484457 0.07102738222661999 -0.8764564318775344 -0.7084029825264246 -0.1390395482838472 -0.19106498602435565 -0.20590540739220217 -0.2851764301942229 -0.24681861690688836 -0.30856289525511404 -0.7056295477806418 
0.9936293891185272 0.9864211950119334 -0.7779588231841257 1.050599841461833 -1.35648587264697 -0.17116408103106712 -0.9550412440076412 -0.6469001658567971 -0.037869912617307544 -0.35361345808288724 -0.5093339329542141 -0.2412355195120057 -0.2651120047653743 -0.4004605842687316 -0.7725359380095075 
-0.9058123320985312 -0.5707793322517085 -0.6820847807908268 -0.1738476840053761 -0.7276593610289384 -1.0240195065070261 1.7079375139858568 -0.2362549013484966 0.4233541702182248 -0.959340456514913 0.5814890945992272 -1.0423983454305514 -0.1014687937041854 -0.23449603783283746 -0.451726987046977 
-1.36608822829068 -1.15963466244232 -0.7417913505994916 -1.2299346699265183 -0.34901078571897 -0.41667070472332474 -0.06366542251074746 -0.13999150046805298 2.516983932711632 -0.5155152001016549 -0.4828768284082148 -1.1358728864747216 0.8380045971852436 -0.14794368592420265 -1.6857656848296017 
-0.8405556480833777 -0.00781034282352752 -0.37422642132234113 0.26724233527530256 -0.5442441586372255 -1.0454206468605753 -0.5915601134501677 0.17256121289865745 -0.9889087084675258 -1.148792455525158 -0.259107451879969 -0.005885573440532875 0.447361052157286 -0.5315482050456126 -0.1600035557400042 
-0.7266646895816394 -0.7708927016779089 -0.4472033324829195 -1.96101376244682 -0.34606707104727735 -0.7340895224332524 -0.956607705086006 0.2101399054567471 0.48788278389367196 -0.8270776050553433 -0.7191376842404773 -0.6801489632581375 0.4239936786647294 -0.4978609846873319 0.9159595446429967 
-0.6903869948965933 -1.332377853573387 -0.9614256199447612 1.344152591144847 -0.15373189871683687 -0.5575743974981026 1.9306988487179133 -0.6790184677019724 -0.7436801351762296 -0.5937842868901727 -1.068699633799031 -0.6638279730711257 -0.7845869631869442 -0.3568711678774258 -0.42498230058812836 
-1.5918413366611717 -1.0748421052333186 1.121577331969756 -0.8204490498754501 -1.5972217940822973 -0.33613073751084677 -0.7557260184053117 0.12479301211354862 -1.0728701567143504 -0.1847936136429195 0.5398501497110428 -1.381127322064253 0.7585047310408305 0.017182783826432926 -0.34981096557129665 
-0.8818465703786134 1.3385577098721075 -1.1095713683667572 -1.4653007015015433 0.21052422671419208 -1.2178299795427256 -0.935473203123052 1.683219524743514 -0.9744743384636799 -0.9347250175751507 -1.0891976604373421 -0.7542357209476978 -0.5536712449610005 -0.8153543702330134 -0.5230347161918073 
-2.1383636072180443 0.9624710481364709 0.24258224993055807 -1.195968344574301 -1.5294854738721395 -1.2709316250037785 1.1390014986615662 -1.263106616589892 -0.31288877575778806 -0.4299458947718541 -1.1047497300753164 -2.047883880064432 0.06360182198977535 -0.3192596120855319 0.5452734930431883 
-0.10909881609498383 -1.1124134645123207 -0.5760573756932521 0.7454067772408237 -0.7526154164093326 -0.019619017759317004 0.4226201546455704 -0.6563930768890076 -0.9292587081354454 -0.8164089138128774 0.42065453407549386 -0.6780637640533795 0.26462308488115205 -0.18300688953950905 -0.42579155679711894 
-0.015555994544257044 -0.1731207729909971 -0.09831922011775268 0.23860418276963086 -0.18462446552569511 -0.5647030115861385 0.14837217294230343 -0.6484477269308887 -0.4727851236144426 -0.12974992105696037 -0.23937176336986513 0.6019455134319676 0.1744997167974431 -0.18253731092060974 0.01009753601952097 
0.7426363447410084 0.7151711742089657 -0.7671185916911307 1.0830968268806154 -0.39583070741686643 -1.1043748678257868 -0.5153796157462987 -0.20555567853230464 -2.143314617738469 -1.1110230699837922 -1.210826949899606 -1.037668558826273 0.40186800728343675 -0.35838939186437274 -1.8566106292449434 
1.5336576201932104 -1.2724405453295566 -1.4889585901845868 -0.983220664892058 0.7353233567770596 0.10563313308545595 0.41169116974357184 -0.6082688965703892 -1.5269821869256215 -0.2353051749981437 -1.3064372088994496 -0.48648854439092093 -2.897877328465752 -0.8647363869426566 1.7802688340395219 
-3.4738909111343634 -1.6154819459811318 -0.579242742547676 -0.007717205694953062 -0.9589761149491963 0.4757826837583259 -2.8736362554141164 -0.47849470192543053 -0.517134374885116 -0.6052097733607253 -2.4436788190148433 -0.4141485728933619 -2.5358797342292463 -0.5150422256952753 0.8999758442622485 
-1.5351432084994532 -0.36333142592612044 -0.8847199091988912 -0.43543685943256105 -1.6852618606815764 -0.8706777211788083 0.417685385101009 -0.8911206180106224 0.8794624906638484 -0.08911735369253267 0.1768058126851866 -0.3197560204473315 0.8493423354696059 0.0019854163680586815 1.4309278347823995 
-0.7086784870132538 0.015593500133794526 -0.6420108303623708 -1.3251759390321443 -0.6499618981110819 -0.6212163517067147 0.07080293676183926 -0.6845754051786697 0.5540193773854232 -0.4502490732751796 0.6122368179772791 -0.7551540539298425 0.384816323006154 -0.48919504288525384 -0.08966114561615403 
-0.4167522006207669 -0.19960062224101835 0.051874588164202054 -0.7328476329230587 0.009354377302865986 -0.13701649805119784 -0.7252438122211733 -0.1863281169376566 1.1284386772408448 -1.037133419292937 0.3978363601549368 -0.25126471680850276 -0.1786770361793622 -0.1666434856094536 -0.8459130386606362 
0.6985609043439239 0.37969065707271055 -0.6317068954076662 -1.1579461522067709 -0.3965480317513513 0.3840521020477694 -0.9647424644167264 -0.643840272704722 -1.631229392575732 -1.152026405038623 -0.9588447477091167 1.2747889270556532 -1.9945626716538427 -0.8165947695003318 1.2771083261647111 
-0.19151646852047036 -0.30255784698505217 -0.7637768863986835 0.48369233815772245 -0.7969032429977969 -0.5437766787810894 -0.21715617901548556 -0.9381119402943887 -0.6227279706299662 -1.1151950694461599 1.2226356967850758 -0.6403012192278675 -0.0029698737302438195 -0.3765867171940472 -0.8752000558982327 
-1.1882679579912967 -0.6033322438089649 -0.7459291815190765 -0.3847631560979151 -0.9828510039752593 -1.0523935270848626 0.08286171775320328 0.02330515732358013 -1.0402146171760924 -0.8948688652431879 0.5165919959744493 -0.6954678008831664 0.5017325257408344 0.17198698791029285 -0.4350659154921372 
-1.1025693019112004 -0.6879162246852293 0.6653185550666018 -0.6141348317973566 -0.45482787982339046 0.9280655901769929 -0.9806590373301094 -0.9859571085096287 -0.47278448444118554 -0.29800430067247846 0.6339984978404163 -0.4120397232932627 -0.6947605539511973 -0.6646803548675676 -0.5490678313644852 
-0.7946483242776191 -0.39842394479438553 -0.4577614217447822 0.3401550634009016 -0.6535898514673608 -0.7272452993266998 -0.38154012559886685 -0.3110681966677631 0.5676756803981659 -1.1907731603106335 -1.3712916153513857 -0.8582887864970085 0.726774948064578 -0.10505465172229551 -0.718289138405963 
0.17918109936966986 -0.36224585686801164 -0.5368527929203183 -0.7205991439942407 -0.1900590487147631 0.4358188400511589 -1.0007557654171875 -0.0747301167890421 -0.03536435184621231 -0.19349832360816618 -0.5047184631231921 0.11995259640353481 0.10292321846721522 0.09882808348671569 0.3109074414174747 
-0.6816139639853067 -0.07650084195247071 -0.3447347605515074 -1.295729427216385 -1.2301473421565607 -1.697609076991522 1.0358821780589051 0.1646984559379442 -0.7599097134969504 -0.8933266862435737 0.9312556916536001 -0.36114513564869466 1.5848097600266886 -0.00991795066543979 -1.9114659737884057 
-0.8372873618046678 -0.5853221587868415 -0.0061096947297735685 -1.258927232461434 0.009251587248952031 -0.2145351202217809 -0.2423065921043115 -1.0300808815067906 0.8698155107193994 -0.9908074454480746 -0.23705906382417116 -0.662758390991287 -0.26238630736876745 -0.5682296858878211 -0.260146108278782 
1.7026587724224278 -0.4227956237888553 -1.37759016283052 0.21768816306423677 0.9843789312643974 -0.02620196057444984 -1.4678586235348785 -0.9783160544181091 -0.7907627421928272 -0.7547428136852247 -0.7298601046908484 -1.4063006647864496 -0.7446368576945984 -0.742462603017299 -0.7171587532324566 

 0 1105 0 1 
