15 100 
1077
   1082
   1086
   1085
   1086
   1084
   1080
   1082
   1072
   32
   1082
   1091
   1088
   1089
   32
   1074
   1072
   1083
   1102
   1090
   1072
   32
   1079
   1072
   1088
   1087
   1083
   1072
   1090
   1072
   0
   0
   0
   0
   0
   0
   0
   0
   0
   0
   0
   0
   0
   0
   0
   0
   0
   0
   0
   0
   0
   0
   0
   0
   0
   0
   0
   0
   0
   0
   0
   0
   0
   0
   0
   0
   0
   0
   0
   0
   0
   0
   0
   0
   0
   0
   0
   0
   0
   0
   0
   0
   0
   0
   0
   0
   0
   0
   0
   0
   0
   0
   0
   0
   0
   0
   0
   0
   0
   0
1087
   1088
   1080
   1073
   1086
   1088
   32
   1086
   1090
   1082
   1088
   1099
   1090
   1080
   1077
   32
   1086
   1087
   1099
   1090
   0
   0
   0
   0
   0
   0
   0
   0
   0
   0
   0
   0
   0
   0
   0
   0
   0
   0
   0
   0
   0
   0
   0
   0
   0
   0
   0
   0
   0
   0
   0
   0
   0
   0
   0
   0
   0
   0
   0
   0
   0
   0
   0
   0
   0
   0
   0
   0
   0
   0
   0
   0
   0
   0
   0
   0
   0
   0
   0
   0
   0
   0
   0
   0
   0
   0
   0
   0
   0
   0
   0
   0
   0
   0
   0
   0
   0
   0
   0
   0
1089
   1087
   1086
   1088
   1090
   32
   1089
   1080
   1083
   1072
   32
   1083
   1086
   1074
   1082
   1086
   1089
   1090
   1100
   32
   1089
   1082
   1086
   1088
   1086
   1089
   1090
   1100
   0
   0
   0
   0
   0
   0
   0
   0
   0
   0
   0
   0
   0
   0
   0
   0
   0
   0
   0
   0
   0
   0
   0
   0
   0
   0
   0
   0
   0
   0
   0
   0
   0
   0
   0
   0
   0
   0
   0
   0
   0
   0
   0
   0
   0
   0
   0
   0
   0
   0
   0
   0
   0
   0
   0
   0
   0
   0
   0
   0
   0
   0
   0
   0
   0
   0
   0
   0
   0
   0
   0
   0
1087
   1086
   1083
   1080
   1090
   1080
   1082
   1072
   32
   1074
   1099
   1073
   1086
   1088
   1099
   32
   1076
   1077
   1087
   1091
   1090
   1072
   1090
   32
   1079
   1072
   1082
   1086
   1085
   0
   0
   0
   0
   0
   0
   0
   0
   0
   0
   0
   0
   0
   0
   0
   0
   0
   0
   0
   0
   0
   0
   0
   0
   0
   0
   0
   0
   0
   0
   0
   0
   0
   0
   0
   0
   0
   0
   0
   0
   0
   0
   0
   0
   0
   0
   0
   0
   0
   0
   0
   0
   0
   0
   0
   0
   0
   0
   0
   0
   0
   0
   0
   0
   0
   0
   0
   0
   0
   0
   0
1087
   1086
   1075
   1086
   1076
   1072
   32
   1076
   1086
   1078
   1076
   1100
   32
   1074
   1077
   1090
   1077
   1088
   32
   1091
   1088
   1072
   1075
   1072
   1085
   0
   0
   0
   0
   0
   0
   0
   0
   0
   0
   0
   0
   0
   0
   0
   0
   0
   0
   0
   0
   0
   0
   0
   0
   0
   0
   0
   0
   0
   0
   0
   0
   0
   0
   0
   0
   0
   0
   0
   0
   0
   0
   0
   0
   0
   0
   0
   0
   0
   0
   0
   0
   0
   0
   0
   0
   0
   0
   0
   0
   0
   0
   0
   0
   0
   0
   0
   0
   0
   0
   0
   0
   0
   0
   0
1072
   1074
   1090
   1086
   32
   1084
   1072
   1096
   1080
   1085
   1072
   32
   1084
   1086
   1087
   1077
   1076
   32
   1076
   1074
   1080
   1075
   1072
   1090
   1077
   1083
   1100
   0
   0
   0
   0
   0
   0
   0
   0
   0
   0
   0
   0
   0
   0
   0
   0
   0
   0
   0
   0
   0
   0
   0
   0
   0
   0
   0
   0
   0
   0
   0
   0
   0
   0
   0
   0
   0
   0
   0
   0
   0
   0
   0
   0
   0
   0
   0
   0
   0
   0
   0
   0
   0
   0
   0
   0
   0
   0
   0
   0
   0
   0
   0
   0
   0
   0
   0
   0
   0
   0
   0
   0
   0
1090
   1077
   1093
   1085
   1086
   1083
   1086
   1075
   1080
   1080
   32
   1090
   1077
   1083
   1077
   1092
   1086
   1085
   32
   1082
   1086
   1084
   1087
   1100
   1102
   1090
   1077
   1088
   0
   0
   0
   0
   0
   0
   0
   0
   0
   0
   0
   0
   0
   0
   0
   0
   0
   0
   0
   0
   0
   0
   0
   0
   0
   0
   0
   0
   0
   0
   0
   0
   0
   0
   0
   0
   0
   0
   0
   0
   0
   0
   0
   0
   0
   0
   0
   0
   0
   0
   0
   0
   0
   0
   0
   0
   0
   0
   0
   0
   0
   0
   0
   0
   0
   0
   0
   0
   0
   0
   0
   0
1096
   1086
   1091
   45
   1073
   1080
   1079
   1085
   1077
   1089
   32
   1079
   1074
   1077
   1079
   1076
   1072
   32
   1084
   1086
   1076
   1072
   32
   1072
   1082
   1090
   1077
   1088
   0
   0
   0
   0
   0
   0
   0
   0
   0
   0
   0
   0
   0
   0
   0
   0
   0
   0
   0
   0
   0
   0
   0
   0
   0
   0
   0
   0
   0
   0
   0
   0
   0
   0
   0
   0
   0
   0
   0
   0
   0
   0
   0
   0
   0
   0
   0
   0
   0
   0
   0
   0
   0
   0
   0
   0
   0
   0
   0
   0
   0
   0
   0
   0
   0
   0
   0
   0
   0
   0
   0
   0
1089
   1086
   1086
   1073
   1097
   1077
   1089
   1090
   1074
   1086
   32
   1083
   1102
   1076
   1080
   32
   1075
   1088
   1091
   1087
   1087
   1072
   32
   1089
   1090
   1088
   1072
   1085
   1085
   1072
   0
   0
   0
   0
   0
   0
   0
   0
   0
   0
   0
   0
   0
   0
   0
   0
   0
   0
   0
   0
   0
   0
   0
   0
   0
   0
   0
   0
   0
   0
   0
   0
   0
   0
   0
   0
   0
   0
   0
   0
   0
   0
   0
   0
   0
   0
   0
   0
   0
   0
   0
   0
   0
   0
   0
   0
   0
   0
   0
   0
   0
   0
   0
   0
   0
   0
   0
   0
   0
   0
1079
   1076
   1086
   1088
   1086
   1074
   1100
   1077
   32
   1078
   1080
   1079
   1085
   1100
   32
   1084
   1077
   1076
   1080
   1094
   1080
   1085
   1072
   0
   0
   0
   0
   0
   0
   0
   0
   0
   0
   0
   0
   0
   0
   0
   0
   0
   0
   0
   0
   0
   0
   0
   0
   0
   0
   0
   0
   0
   0
   0
   0
   0
   0
   0
   0
   0
   0
   0
   0
   0
   0
   0
   0
   0
   0
   0
   0
   0
   0
   0
   0
   0
   0
   0
   0
   0
   0
   0
   0
   0
   0
   0
   0
   0
   0
   0
   0
   0
   0
   0
   0
   0
   0
   0
   0
   0
1082
   1088
   1080
   1084
   1080
   1085
   1072
   1083
   32
   1091
   1073
   1080
   1081
   1089
   1090
   1074
   1086
   32
   1089
   1084
   1077
   1088
   1090
   1100
   0
   0
   0
   0
   0
   0
   0
   0
   0
   0
   0
   0
   0
   0
   0
   0
   0
   0
   0
   0
   0
   0
   0
   0
   0
   0
   0
   0
   0
   0
   0
   0
   0
   0
   0
   0
   0
   0
   0
   0
   0
   0
   0
   0
   0
   0
   0
   0
   0
   0
   0
   0
   0
   0
   0
   0
   0
   0
   0
   0
   0
   0
   0
   0
   0
   0
   0
   0
   0
   0
   0
   0
   0
   0
   0
   0
1082
   1091
   1083
   1100
   1090
   1091
   1088
   1072
   32
   1082
   1072
   1088
   1090
   1080
   1085
   1072
   32
   1089
   1090
   1072
   1090
   1091
   1103
   32
   1086
   1073
   1088
   1072
   1079
   0
   0
   0
   0
   0
   0
   0
   0
   0
   0
   0
   0
   0
   0
   0
   0
   0
   0
   0
   0
   0
   0
   0
   0
   0
   0
   0
   0
   0
   0
   0
   0
   0
   0
   0
   0
   0
   0
   0
   0
   0
   0
   0
   0
   0
   0
   0
   0
   0
   0
   0
   0
   0
   0
   0
   0
   0
   0
   0
   0
   0
   0
   0
   0
   0
   0
   0
   0
   0
   0
   0
1087
   1088
   1086
   1080
   1096
   1077
   1089
   1090
   1074
   1080
   1077
   32
   1072
   1074
   1072
   1088
   1080
   1103
   32
   1087
   1086
   1075
   1086
   1085
   1103
   0
   0
   0
   0
   0
   0
   0
   0
   0
   0
   0
   0
   0
   0
   0
   0
   0
   0
   0
   0
   0
   0
   0
   0
   0
   0
   0
   0
   0
   0
   0
   0
   0
   0
   0
   0
   0
   0
   0
   0
   0
   0
   0
   0
   0
   0
   0
   0
   0
   0
   0
   0
   0
   0
   0
   0
   0
   0
   0
   0
   0
   0
   0
   0
   0
   0
   0
   0
   0
   0
   0
   0
   0
   0
   0
1082
   1091
   1088
   1100
   1077
   1079
   1099
   32
   1089
   1082
   1072
   1085
   1076
   1072
   1083
   1099
   32
   1080
   1085
   1090
   1088
   1080
   1075
   1080
   0
   0
   0
   0
   0
   0
   0
   0
   0
   0
   0
   0
   0
   0
   0
   0
   0
   0
   0
   0
   0
   0
   0
   0
   0
   0
   0
   0
   0
   0
   0
   0
   0
   0
   0
   0
   0
   0
   0
   0
   0
   0
   0
   0
   0
   0
   0
   0
   0
   0
   0
   0
   0
   0
   0
   0
   0
   0
   0
   0
   0
   0
   0
   0
   0
   0
   0
   0
   0
   0
   0
   0
   0
   0
   0
   0
1079
   1072
   32
   1088
   1091
   1073
   1077
   1078
   1086
   1084
   32
   1084
   1080
   1075
   1088
   1072
   1094
   1080
   1103
   32
   1086
   1090
   1090
   1076
   1099
   1093
   0
   0
   0
   0
   0
   0
   0
   0
   0
   0
   0
   0
   0
   0
   0
   0
   0
   0
   0
   0
   0
   0
   0
   0
   0
   0
   0
   0
   0
   0
   0
   0
   0
   0
   0
   0
   0
   0
   0
   0
   0
   0
   0
   0
   0
   0
   0
   0
   0
   0
   0
   0
   0
   0
   0
   0
   0
   0
   0
   0
   0
   0
   0
   0
   0
   0
   0
   0
   0
   0
   0
   0
   0
   0