101 15 

-1.2505970853233719 -1.5009394601969963 -0.9657939869935035 -0.862444957313441 -0.5809399140231386 -0.9004989779218916 -1.0992093352388608 -0.8005166144181812 -0.1370916510548455 -0.09917365308510436 -0.3700510929538141 -1.2637810899292872 -0.6928603265917841 -0.8233329490335982 -0.5428704146228096 
-0.7796909769887231 -0.7536880179842708 -1.1149539852991488 -0.6369443070323829 -0.9106994445668264 -0.9332748326185834 -0.4588701843279564 -0.43414106844015626 -0.713960471912636 -0.09554644704443388 -0.9185578844926826 -0.4099925598705559 -0.8143743139706156 -1.2283013564287126 -1.0709705029563261 
-0.5794446305472677 0.21057204478095798 -1.2067500762200245 -0.2743847813827619 0.029977458651741357 -0.43377125318076903 -0.4641431781776493 -1.1708417022334983 -0.627672037260838 0.04107330568094631 -0.5717183666762373 -0.39320117435187923 -0.47207076898692857 -0.4596232427685397 -0.5060340350048129 
-0.18250890257188992 0.3863911961546891 -0.10920831528713337 -0.0025522600216255466 -0.44292850144365864 -0.9250895191270208 -0.21593856250823065 -0.8548611660340734 -0.5470756820314588 -0.2174123695719894 -0.3494032795676552 0.2611416608856246 -0.2695677121620413 0.14005302262053682 -0.8896628268373451 
-1.0432339915188862 -0.607418917778716 -0.8910418540855637 -0.6800911821933326 -1.029315373614713 -0.9705483436815465 -0.9888249781433011 -0.5023214595382832 -0.6779788656636241 -0.8099094966831841 -0.7452339298560714 -0.791082445711417 -0.7076783845790106 -1.5666664408771038 -0.40455140349217483 
-0.7243159355222103 -0.6752799614993956 -0.5025815452541161 -0.25618811847238626 -0.1805152464156799 -0.20761679700310978 -0.20353282606360304 -0.4921244464861411 0.18870463716175032 0.04428481080475875 0.1332494189411468 -0.7422669453708718 -0.1544298140573584 -0.6878647430673143 0.4219003580950867 
0.26911868124440386 0.2402230595352377 -0.10738610407842804 0.30158357791995877 -0.41792231289315085 0.1118074804261483 0.009475492684725077 0.20562280454305112 -0.010457294465410978 -0.49698731488259884 -0.6049021350177098 0.11735945995438492 -0.23854596539079898 0.035783525307583205 -0.5415084290229578 
-0.5939552553523925 0.13637159461363738 -0.7293919345234408 0.09639451037852859 -0.4950918744640424 -0.9347097749486054 -0.14566849769913848 -0.4934820287181549 -0.1632268857272498 -0.2290733558131793 -0.18917316085741398 -0.4376641253300002 -0.37652562359525343 -0.10879210246177051 -0.6715335138388185 
0.2999505626385184 -0.4878001746840482 -0.5120590235879161 -0.6508606400878155 0.17167651131752962 -0.3924675701615502 0.24637281910000194 -0.2047518470003162 -0.270028476118077 0.17748921580082438 0.2203121049834023 0.15033067171558154 -0.2772386120601398 -0.0007063538988922886 0.13583474224435133 
-0.9011922573863659 0.890270171230104 -0.49147021100186866 0.3266306139783214 -0.966625502673457 -0.6794500233426166 -0.8246412906242847 -0.45361176189508884 -0.23102855672117883 0.008052905165348406 -0.3616293699398489 -0.38023392420629987 -0.9668145786559792 -1.2187847353875043 -0.7809004164487827 
-1.164318891364653 -0.9530337268304583 -1.1226923796078319 -0.2694786511627152 -0.5025144605117472 -1.200723494636404 -0.43807592537222434 -0.712542965843755 -0.9983297796799019 -0.763894256639532 -0.5668934551462888 -0.9972926143158865 -0.018075408047293934 -0.9267883287797829 -0.15502650914687327 
-0.11800800566905807 -0.45095308916404364 0.3242287667716013 0.24931373262517093 0.3052664715315614 0.33862448067232903 -0.16980535353122927 0.4270095473919181 0.040554788915942386 -0.19703308754537419 0.07570011255524727 0.39354435397293797 -0.431444727232399 0.10680836823830665 -0.02603798188422084 
-0.5732280270594503 0.10803161628928014 -0.9415177376630299 -0.5993791009461287 -0.4174260395173869 -0.4602003593178533 -0.7805938448466123 -0.6383656413022278 0.06814256240995216 -0.08270797050473051 -0.3788102042179777 -0.14645531726857988 -0.19666268434393938 -0.3833151643103187 -0.10260996312147687 
-0.8761191366083915 -0.48239331358282467 -1.137747992481848 -0.33028760493425574 -0.8796328063232233 -0.8197499144308234 -0.5988380156938127 -1.1249382095642437 -0.3690675103751294 -0.24142650991312498 -0.739076235736445 -1.2292502532464182 -0.48255417562462677 -1.5309725565889751 -0.19870636285007587 
-0.5249054947053456 0.2703318554777361 -0.6178749662524626 -0.4065316115557543 -0.022322227911469743 -0.03789886887445211 -0.27773222121405183 -0.18296484677856983 0.21884316947530516 -0.5105153650604344 -0.04499583427095898 0.21646893203325432 0.09302257921158602 0.15607788236896786 -0.14258881922894945 
0.22736187142381087 -0.2680101467303428 -0.10416017034382566 -0.5326734543630496 -0.5801273277887736 -0.006457853872484265 -0.007745093497720573 0.0970492388635591 -0.28418289984720774 -0.7582168735968555 -0.14823621326373032 -0.6820937298771306 -0.012142208951504831 -0.11082463168447589 -0.5231261392795757 
-0.9995095429825975 -0.7424104730646987 -0.7945299165560358 -1.3369061798376685 -0.28395117889471133 -1.1884076040464522 -0.5643347593002809 -0.6401637451192886 -0.7139022852398322 -0.9553556531332964 -0.1716783687429573 -1.2848092522907857 -0.05922452711655781 -1.4573061519177413 -0.8240533274097946 
-0.7813807123325196 -1.1110541214087628 -0.27441414945418613 -0.8079791759401402 -0.6868468869475349 -0.4697532560825473 -0.5745582308116655 -0.4371118059439877 -0.9347936238715353 0.16622280709223472 -0.44961116374021354 -0.49671964346364117 -0.6803077187685334 -0.7216529866001359 -0.11745161384207616 
0.005978984514146712 -0.07486898477918004 -0.2155662341979888 -0.7022719811373831 -0.20250818388600164 -0.7576291105487706 -0.36600525275978807 -0.19663867826188905 -0.10753670172845513 -0.3088845255963982 -0.6156751810299516 -1.029471086798913 -0.21439729979309238 -0.2156689609472269 -0.24918604103246839 
-0.09552595819373019 0.24852177472550827 -0.5645706346958346 -0.18329349825146815 -0.4480672701926566 0.08172880555335514 -0.020885761135338073 0.01604257962837064 -0.01604098437071231 0.39960827048317493 -0.46522986340561406 -0.5278018993431277 -0.13441077225255849 0.19914714861538757 0.4008124294978662 
-0.9172586965049455 -0.748206651460936 -0.0708736979276316 -0.9694523358165503 -0.8433014672682696 -0.7035268950818341 -0.36596513228099703 0.10019080208155451 -0.16433095812905157 0.3048245972703148 -0.009208726141191304 -0.7647012484913303 0.09004252459663557 -0.5570921782603796 -0.6842149831134172 
-0.8976992798609528 -1.668402967152343 -0.7111271137346494 -1.1786845088141884 -0.3410134764848009 -0.6681906188466932 -0.33222624058046646 -1.1848546830641544 -0.9914478302170385 -0.42931180633038213 -0.858851783519518 -0.8627862937144082 -0.03257688579194441 -1.0620449949692603 -0.28319400409673995 
-0.6727850740677208 -0.43261962915409863 -0.4685728019193679 -0.25603563906539867 -0.180614346988668 -0.3540178779614682 -0.05725820878174896 0.006460969995547756 0.10644856986178898 -0.48800725926171556 -0.30798603581578365 0.031572836212175985 -0.1950027295883013 -0.8213332250120407 -0.1460008334423585 
0.1408893236168852 -0.36439363011798703 0.22362072247737555 -0.4556107626810997 -0.2948560368340611 -0.03224074065293373 0.3789645105495067 0.3926775530208079 -0.43715360987766 -0.42504462132543136 -0.2884102959814771 -0.3349177221902711 -0.17524106301708114 0.1276153595616016 -0.10367175424532805 
-1.2241344958248024 -0.9794391461942562 -1.0723730880989755 -0.860895000015896 -0.30624152093378204 -0.7348111746977589 -0.9790920230001027 -0.897635551278566 -0.7923505842305633 -0.07978579467885345 -0.321815589762687 -0.817145408355481 -0.07420412646398855 -0.8935311312536478 -0.5040629786862766 
0.2950914042650909 -0.2642771257087819 0.32334087527259814 -0.4456394282119855 -0.17169566172974748 -0.42585986845178386 0.17884065051648004 0.28359093742333746 -0.5348204125177903 0.1932195655379777 0.30221568649327 -0.45645525006678406 -0.20045846659813937 -0.13740075854539516 0.03710991725866379 
-0.32421695009754975 -0.0964926045273881 -0.8287595663972223 -0.5882965374809601 -0.4434465260371586 -0.6553850772894798 -0.7037459449087646 -0.9625023613168084 -0.15403488265894463 -0.628113390401997 -0.9336683237275434 -0.370669817241446 -0.5426691558438233 -0.9321603489194816 -0.4344123610878787 
-0.6061682995565721 -0.3332498329011655 -0.3791694278432345 -0.27739794852733995 -0.2352201155601952 -0.797755062050586 -0.628456540683548 -0.5922261698456155 -0.8048661169621664 0.13454242198250643 -0.24998397508722645 -0.7352555746032093 -0.5744565259405683 -0.37482464348996636 -1.012842218571627 
-0.28570557954084985 -0.07009547052303825 -0.5731888944161402 -0.7448140098047353 -0.45247251952959244 -0.27616163384740955 -0.3966465307162394 -0.013893467472624349 -0.2110860102905379 -0.1009042612628449 -0.5834464116368143 -0.20577555890549928 -0.39742792472198735 -0.3203951086214218 -0.6650302490852091 
0.1412723287694989 0.10886795624250503 -0.13118936476042847 0.028986506624914476 -0.3041537969379921 -0.23699686478623866 -0.08315359262538705 0.008304166188588107 -0.29853487719229654 -0.042573545582530264 -0.1450151808330435 -0.31562019766062394 0.04737232534095281 -0.31093768893751844 0.021062532514973215 
-0.6075168205081597 0.21406583016217653 -0.5986688286562368 1.0540925583328047 -0.44996121638542674 -0.040354910064141304 -0.5973624690929741 -0.21205408345371657 -0.5294994634277853 -0.052327444013291216 0.059538842997207964 -0.08981565055107495 -0.24313404311605014 -0.2358748614193954 0.35484487742855836 
-0.1507505384949067 -0.5821896638802356 -0.3003137784298372 0.09192185786945566 0.29738102427146235 -0.23893090452338112 -0.37345357474677476 -0.6869221052337126 -0.14450718541294433 0.20685219172687813 -0.8267583112064952 -0.6424306259969913 -0.4227111971432686 -0.9044309690701611 -0.06742845557131677 
-1.0039378655167916 -0.5434226278032025 -0.3239685645968362 -0.30339405316097984 -0.7973373867886192 -1.3059752829356863 -0.8368274312437816 -0.6084026740561032 -0.08381606791209119 -0.5862726778613677 -0.006007433040985104 -0.2529505959018081 -0.20296038048617646 -1.1753630311322676 -0.021515483624948237 
-0.4040528108195735 0.3306491580374952 -0.38070577822453666 0.2548462415762934 0.3183896090313439 -0.41141923645175854 -0.7249854458156302 -0.38933434760471164 0.1690492040225906 -0.38100881016420884 -0.10539072069729692 -0.3869948712232065 0.11357636211508693 -0.29697935402764186 0.08652687771349538 
-0.5950817705316821 -0.35651452337133455 -0.3077825901651788 -0.3628158068432912 0.2921492105644076 -0.8434491616963401 -0.7246553876873364 0.031380513698690125 0.04198589603598618 -0.3146953278526945 -0.4861555231265885 -0.720868486130113 0.13108022792079832 -0.30585496547008456 0.08426955334529372 
-0.7458789789151805 -1.2877571296533088 -1.016244162454611 -0.9354132740864054 -0.701645046349126 -0.8175498798013258 -1.168856596556029 -0.620854954403925 -0.9416265032117722 -1.0784246637034087 -0.7492903500685411 -0.48371954160570796 -1.0640305703357902 -0.8663354575750143 -1.0510084909980166 
-0.34942460921046864 -0.5546779491228765 -0.04328344546943979 0.19367062695358447 -0.5431542602875769 0.1363462396685975 -0.09613232520949641 0.26976634887127426 0.4021701070936928 -0.5399233319146787 -0.6223356070636373 0.002859417048612765 -0.43086318177293154 0.1852374262915027 0.1443824444186307 
-0.6315800886812055 -0.3400772500710945 -0.03913396156616827 -0.3496604754151257 0.0749564006371827 0.027049931968173457 -0.2161080676662715 -0.5368271480193807 -0.9958123706977647 0.3541885166323589 -0.019445088477287667 -0.5532329935212831 -0.484034462206157 -0.052619911829317204 -0.7361009966374499 
-0.8921391558021486 -1.4704409717894062 -0.7234165092709083 -1.7990388700066418 -0.16905181486739815 -0.620668660697592 -0.12254416439264368 -0.248845250795578 -0.43347548138353875 -0.757232618993262 0.18317336162384545 -0.3153885848868473 -0.3944311069721079 -0.21366516635143204 -0.3122338669466637 
-0.926643777591573 -0.9296577435927907 -0.42815564850939947 -0.6239294161059675 -0.05427715261393188 -0.9969435832722912 -0.7833490749582229 -0.40939637486974995 -0.30188022696750777 -1.2588855861015704 -0.9473925131218299 -0.971117808748235 -0.7551368232290017 -0.9028073302612135 0.1846370135677884 
-0.46827216696128404 -0.6229140759956097 -0.5417167165520083 -0.34245024915986655 0.1433039622358321 -0.4536895751377306 -0.23992530699209064 -1.189898239575431 -0.32283798228729943 -0.7163070026560364 -0.43380931680955126 -0.44901069478779626 -0.9270197815664887 -0.6919666057999734 0.16240493883989562 
-0.7713839086293384 -0.5100162119799399 -0.788336414488046 -0.5229624091074306 -0.8152435983403198 -1.1434734016848125 -0.44714456704139244 -0.3242780293630165 0.4884606194990466 -0.03476426802602493 -0.5826065728887583 -1.2750413472996698 -0.5565979852945229 -0.9532811497542854 -0.9034018544261563 
-0.5115022940434446 -0.5114284287519664 -0.5053944596333988 -0.9068436102578036 -0.6514654111428061 -1.0051545281228929 -0.5966115738138244 -0.6600889410345724 0.6766903604576045 -0.1852611914839784 -0.3460252053872809 -0.815558568626372 -0.3109810129756389 -1.011540721873257 -0.0016267748244850153 
-0.6449624476803624 -0.5114997872406818 -0.15500735521279033 -0.23647273624545592 -0.1488290709182562 -0.37158404986007987 -0.21366238159260878 -0.3984720459784956 0.16781029685783513 0.43888297316556385 0.01263864732088723 -0.22290536450184636 -0.3694247233259692 -0.2111581913242933 0.2006073150371095 
-0.4560233019045553 0.1104089330780603 -0.7154863336618007 -0.7088982622496134 0.10844953001230458 -0.6395264059529279 -0.016660499563305033 -0.3374643885351093 -0.13291807255439622 -0.018123174429872612 -0.5172126930805113 -0.22283546700108872 -0.6129334808528063 -1.004891573591997 -0.13418391603593952 
-0.027605608020964397 -0.4118438909266667 -0.3336992851841133 -0.5118355852336514 0.0007234984838056461 0.0001266450888439853 -0.22767609930980984 0.08749011692458768 0.33315662290735226 -0.1323236065043632 -0.3681426715679671 -0.46464090661390023 -0.0830232192067652 -0.4256008579383067 -0.7002681999185559 
-0.809057540614355 -1.8556477178731754 -0.8597016199609489 -1.5284732195912474 -0.03126695925212686 -0.639414225033138 -0.24321791528681114 -0.9063682835718371 -0.3308683950490529 -0.6398426590231702 -0.06261902175216516 -0.7361505995605064 0.16402638006972278 -0.7273860123879383 -0.8912645010331116 
-1.2027444738331559 -1.057553260705813 -0.7539907841932083 -0.3661123591557511 -0.4886694424696508 -0.5276174811360349 -0.49322978060924305 -0.11789704377771651 -0.8396940642095216 -0.4806049460197594 -0.05210197902584052 0.17142988389621974 -0.22005769475902678 -0.6799698008088395 -0.8755082182079246 
-0.5538095628085327 -0.23585608552696566 -0.3487280037458724 -0.5662531378933058 -0.048509812892184076 -0.23030625616714295 -0.41061821057173004 -0.4070845346063913 -0.6566162980467343 0.028502655982912465 -0.4283763708870109 -0.45555697266917633 -0.2978255656616873 -0.9906949569896745 -1.2367345291376712 
-0.6715929808159846 -1.3086388936402424 -0.654117893657662 -0.5914850411916816 -0.5610047287117949 -0.34197701097628963 -0.029702860404219215 -0.6845598683051681 -0.18780143068760838 -0.7586996955086415 -0.3179540608838758 -0.015740443253917547 -0.3832353415845812 -0.8865267531402531 -0.8837849052668063 
0.14631970598787042 -0.045799263885009545 -0.4353911704029791 0.43013819235655576 0.3870065685253567 0.10690827137360978 -0.11984783261098717 0.07539925425652569 -0.13987938516224296 0.27839077753242686 0.10066421063206957 0.15080282427977362 -0.32243448256357093 0.10568601303728371 -0.04536287121880312 
-0.054488357657044975 -0.05557549331641041 -0.2808737239530933 -0.6704492024910598 -0.20190286339416402 -0.32971947808694907 0.03848532734963165 -0.25856689377176245 -0.19322809890082898 -0.26706266554193303 -0.7438997146751198 -0.3977613907551004 -0.31706799729721175 -0.4268469369171571 -0.6266565901397615 
-1.2048604580441693 -1.2159487840753735 -0.792304984319409 -1.1554788218590064 0.04054235134755229 -0.9526172215500822 -0.6547154537471455 -0.2293790408004127 -0.7555532285335955 -0.0575195313212711 -0.5245053323193782 -0.17854277341668948 -0.2953990471283478 -0.35002545146043296 -0.8600292855263825 
-0.9759336672534621 -1.3527519248581794 -1.2053870731467617 -1.3583220845682156 -0.9603407737077618 -1.401007892879725 -0.6716222671196385 -1.196680238789615 -0.8471288221097919 -0.8087950776035953 -0.21345584424437747 -1.1082711774131988 -0.35185764328644537 -0.9476534063593145 -0.6207166233083913 
-0.6073658834365652 -1.16736029879135 -0.195854016734278 -0.9634472664355479 -0.5418612841665672 -0.5438330968426884 -0.8347560618513539 -0.631733565753038 -0.8207305053673732 0.12780982208770134 -0.6276767400095333 -0.48980577610971204 -0.675294573535586 -0.9063361137589971 -0.36260525222523937 
-1.5271560820514947 -0.7036442911012071 -1.2351602974375484 -0.4638564743766153 -0.46693249726869823 -0.7957030973927288 -0.21702542756030666 -1.107369043102094 -0.2203048817205885 -0.6401726783631887 -0.9218675806090739 -0.7844629176116786 -0.8548674931865142 -0.6575447939140191 -0.36283355978503384 
-0.4660298818110931 0.05488955086375701 -0.33653422382799003 -0.5212975705633479 -0.45497943799052787 -0.01776149810653687 -0.2233530815017983 0.01604463614314396 0.47071553162008045 0.3111921489947946 -0.40496917835215457 -0.04630992608864728 -0.26677097038088515 -0.16479103193880335 -0.6396033708516249 
-1.0330748650593626 -0.7557787501185221 -0.5793142287325436 -0.1886430349998728 -0.2179152829548907 -0.24961621248606009 0.0022388191126193205 -0.8850688125396476 -0.13099492057298873 -0.8336733612990939 -0.36794481950356955 -0.754529855619146 -0.47201587177673787 -1.0049182139024448 -0.14333287992765248 
-0.44268791827426296 0.02904134492097769 -0.6530174758472167 -0.04489415577489036 -0.04585782484445049 -0.33414460303046734 0.14335916107259378 -0.2244983968102775 0.20101512512444336 -0.4692079800585874 -0.6123696443284277 -0.25151971695961667 0.2061984908616416 -0.12273132725233285 -0.3576558939427085 
-0.30092989472706844 -0.42710976289395314 0.16459120802493146 -1.149714923186088 -0.7518540252063144 -0.6166412433694573 0.052853416475575114 -0.18267286484406678 0.213207978870849 -0.4774962518849137 -0.14205135109058667 0.11340391062418001 0.0033210410760182983 0.13258186563091268 -0.6622124101556975 
-0.7695058893508936 -1.2426507217338882 -0.8453407093631903 -0.486205560622266 -0.0773532785080698 -0.9381383396003734 -0.807349886095331 -1.1757856778655338 -0.1483208584818366 -0.07808449403113821 -0.9277159225030968 -0.8008262014862343 -0.3323260942996308 -0.9441346705942187 -1.179279160692258 
-0.1967358252660089 -0.2683440218133824 0.21991737704419714 -0.21465415946367636 -0.5254099943887203 -0.16969097200158476 -0.4886239878290766 0.21772743954658713 -0.3816277883451233 0.3752937885676989 0.09071361314208376 -0.24370278629109912 -0.0902625179717132 0.03756999405589151 0.09607525399158 
-0.7878401615360633 -0.0854534660910048 -0.11009662064975805 -0.5207054861824207 -0.5992559320750945 -0.2660027594003855 -0.13725135007104464 -0.22013552717172613 -0.32097665571331085 -0.3365694377998322 -0.4296152841120699 -0.670813581641687 -0.47651063439763497 -0.44715896595735083 -0.018561658223005637 
-0.6683620417050145 -0.35036751486073575 -1.0856666662788945 -0.4484145265349112 -0.42774831148990766 -0.7858092224874113 -0.3675058351023459 -0.4728439444744756 -0.5202001973007555 0.5305711192984925 -0.4679823511721348 -0.649937643745251 -0.31469677251368755 -0.444950995512011 -0.021243572018037397 
0.2532606626528729 0.07470980665627934 0.12267183282881396 -0.20231720081315405 -0.29038262948397614 -0.23794858246710915 -0.7714115016343163 0.19155031849108003 0.16145958367736768 0.21417129288889675 0.032233194979845496 -0.008961478165316138 -0.5003416943089095 -0.3340659283026305 -0.3894779932096244 
-0.37850966138464365 -0.13556515763228627 -0.4376975727602836 0.15290918127065856 -0.4817633099796005 -0.33052618372150566 -0.40947107924574644 -0.05469548547265179 -0.5070203467569476 -0.4829674711472659 -0.17584499403160583 -0.14030220142873892 -0.4600767609152349 -0.266844432215504 0.12244935157122006 
-0.12416935575598817 0.10359649863369304 -0.016088802742243887 0.28880535442923533 0.39649321858823416 -0.5511803922229498 -0.03330584342891072 -0.5849854968101844 -0.13871683566642176 0.10057232347437926 0.14939285951752712 0.13569129619603196 -0.552557855716472 0.07494105072602776 0.2025405750792136 
-0.8010555766442434 -0.9267486984768583 -1.231673141854124 -1.4913994252520963 -0.2794003790136159 -0.9751587539125927 -1.0228165551455357 -0.34962396869240175 -0.11446612744011897 -0.05782613377782821 -0.24588347402269 -0.6844334020588599 -0.955653414420806 -0.8120094230344114 -1.13509692246596 
-0.9438453736829129 -0.7900416456296836 -0.25580531323957584 -1.2369573779567775 -0.5662103748829033 -0.8252752371876281 0.0673008303079928 0.16232911243486747 -0.16689118130190161 -0.48631313360885325 -0.09516337294897703 -0.4148114573916916 -0.4899529478878986 -0.4441453462064868 -1.0248093268659328 
0.004790487495808174 0.310652301503179 -0.5040263475466137 -0.33169674618736184 0.255901539466717 -0.3594111676344249 -0.22906237260992715 -0.3336290095034621 -0.12481849008613564 -0.33030184095258186 -0.38615192546481764 -0.1246768360148028 -0.44078498718536213 -0.212011246057846 -0.3171746138004364 
-0.13472012787847965 -0.19777057417055516 -0.34177639698118367 -0.33669081752586116 0.2176371416676048 -0.6111370459922966 -0.19098431039910035 -0.5251372615157602 -0.14910727454254594 0.14555932229432195 0.22978430078770531 -0.029826008221452815 -0.04668144016083116 -0.42457597630852284 0.213171582297602 
-0.20082689893873615 -0.5152204882051387 -0.14805665293367387 0.23313794227641582 -0.004469116591901999 -0.09604516451354225 -0.3829556677526867 0.20234823759597512 -0.5645122094866681 0.23054824949283245 -0.5364055318727826 0.09280244907297978 -0.39155192773064573 -0.283134283733744 -0.17899760409097376 
-0.1851427054761718 -0.9083899840873533 -0.12181176805960078 -1.0039041955204848 0.04913524409622524 -0.333654711466238 -0.28504026275621414 -0.9166236747645583 -0.14854503307500222 -0.5728251188521191 -0.36963831204707454 0.008955074916081164 -0.538247199164677 -0.3785131521229849 -0.0003030999004631034 
-1.1047626155859247 -0.86012574856682 -0.5637341416971399 -0.8341462153605238 -0.36113556152718446 -0.7220370431285929 -1.1168276612845298 -0.44462193491810215 -0.5374052104665313 -0.8748728765925865 -0.675897287641908 -0.6206443568451832 -0.7211665658607537 -0.9868082708508443 -1.0506622090081024 
-0.36132020424483224 0.13670685121052628 -0.7047813663736658 -0.5090402054965211 -0.3080715285195303 -0.9271241044271356 0.15983031646752574 0.042160631839198257 -0.2587871320145839 -0.06587982201964308 0.06387440258217493 -0.2082565755930554 0.013491984853832578 0.0010714986732735024 -0.05723646009028501 
-0.5303138923306838 -0.4737874365710589 -0.33135005198639217 -0.5758352856372002 0.0413559080878998 -0.8267533149495548 0.21470171982444178 0.04282808676169081 0.36924452761648024 -0.13364001341081513 -0.24358770399281138 0.12796011062998974 0.03686594267514921 -0.45572917263314966 0.1920826748924132 
-0.7679643047558077 -1.1840276909179928 -1.5129317302738552 -0.7181713035891952 -1.0653089602261403 -0.9803419869549962 -0.43502896576991157 -1.4325150656622847 -1.0217532907641151 -0.6825481811654476 -0.4271042792132452 -1.2939275394271887 -0.633730894236296 -1.1446290386272753 -0.8390623246996457 
-0.4866691412858266 -0.16263002014878217 0.23231229079331805 -0.12180526976717442 0.4141873749587486 -0.2892514111628824 -0.3769460838078974 -0.07274247374294243 0.2586379430170264 0.29819226987720593 -0.34399104527508434 -0.28182684711246675 -0.23118268145555126 -0.030866026361486158 0.23723370141602879 
-1.525089352749169 -0.8605588465292848 -0.8417838055024435 -0.6109771971389133 -0.5057240525489529 -1.1490555879825497 0.003180069354847431 -0.9357106927410668 -0.9567968496543549 -0.8791412552315047 -0.4983144161276042 -0.3971490488084515 -0.2081797029407498 -0.7309694850096226 -0.370424869414416 
-0.3297641521854053 -0.38701971623525316 -0.9343717279958934 -0.7975622799354737 0.254978276131862 -0.605729289993313 -0.27094010449228983 -0.24496019776991165 -0.5940637215214727 0.016103917472947676 0.057552867953926425 -0.37943952704503103 -0.10796919402619515 -0.23626199386968108 -0.5410962834211549 
-0.7622161941183377 -0.4966032054813844 -0.7008592813778999 -1.1510941203384453 -0.07223552338926052 -0.6832422842179701 -0.6752190808398371 -0.6503623617354767 -1.23126041683151 -0.47542109499231644 -0.9686378822113807 -0.7208555375521603 -0.23793008009954147 -1.5468272529049647 -0.6346593022637092 
-1.2633598425434143 -0.9511759003102357 -0.773007379002323 -1.1313081752048944 -0.6630194320533562 -1.2954288198464408 -0.2432239872242496 -1.0083413797787169 -0.9160012095353871 -0.7858748299832572 -0.4305263168331652 -0.4129310982924689 -0.4536078131792018 -1.2060572778190355 -1.3394406780907104 
-0.93463720816471 -0.9586493095625346 -0.7783364946140705 -0.7287330935828553 -1.1461174588075902 -1.5163373308940884 -0.9089931255358313 -1.0601507048915997 -0.8493175846219755 -0.8336884848840716 -1.022919473551264 -1.0231677186405526 -0.6538568577970055 -0.9058634635799859 -0.9431045312358126 
-0.0839029835363389 -0.5341973645721188 -0.3910600086268816 -0.8097401846941308 -0.30954440611816475 -0.13749830612400402 0.038711026421712015 -0.40591304089433994 0.40854974532996285 0.10807615010793671 0.28086380660917837 -0.0022893759722133118 -0.5785826396012243 -0.529349614020977 -0.8480997823054355 
-0.6419304024326161 -0.25319203465523404 -0.022752336654147456 0.9067285372670427 -0.5013796338138099 -0.4743925378784307 -0.3319253366867615 -0.13179473296050087 -0.228964264396244 0.06352676759547417 -0.29485011255737803 0.29452722676660875 0.34598758944773667 -0.027250285750333825 0.031009961733377788 
-1.0716273048908183 -0.7396777273208898 -1.11864594693149 -0.9993995687378061 -0.47776542723494 -1.1905078180355673 -0.9408595685926201 -1.080029435439474 -0.5314898405745197 -0.7493316493553939 -0.789717779629086 -0.718495231041588 -0.7616014388470391 -1.0441718494655556 -0.9205094487783269 
-0.6499989924046178 -0.5999999615708569 -0.8794551502328815 -0.5353634788821847 -0.7188651600532989 -0.6808027549127255 -0.7175089951469585 -0.14758987206485882 -0.6588325121670393 0.05441844350019763 -0.3294713677313251 -0.7315447512410188 -0.467565124962618 -0.117803737559213 -0.5582676762904797 
-0.24895419083730358 -0.20299864129354303 -0.12212285839249334 0.1658798251087821 0.031281209391763966 -0.8127618605644448 -0.19403375840023074 -0.7360425607338121 -0.20674064618168633 -0.12178025245683222 -0.5348768532546212 -0.3756071637872897 -0.14112473899918893 -0.35606417379248095 -0.6592878884528501 
-0.4538059267300885 -0.2816800318588431 0.1902598600216745 -0.04379309219028645 -0.14696825277975228 0.12079469004308986 0.07197410373108354 -0.4373046936438084 -0.4995454457117014 -0.5330549159131605 0.2337905634931907 -0.2704983733260519 -0.4432369001741738 -0.45773148646412654 -0.4171000399069165 
0.17544335072196446 -0.1968922212258052 -0.09312162838057575 -0.6418943215390623 -0.05901533628723848 -0.2956868393343098 -0.553526231082138 0.10866121606559315 -0.019510748431634792 -0.20566482658398205 0.12472859851272197 -0.30843650981201104 -0.10659549941983218 -0.192854024542119 0.012046902817347578 
-0.34843589184596657 -0.05381834131099591 -0.5646696920132527 -0.3829131301315292 -0.623754077928752 -1.0775862709851058 -0.5612374710275481 -1.0323604016577297 -0.4277565885535858 -0.6140283776989004 -0.13380785765365802 -0.350857948959934 -0.0550596247484111 -0.689104133763783 -0.6381919472260228 
-1.6254552181532875 -1.103171785501061 -1.4595763976191152 -0.6768386803187346 -0.9153124254793462 -0.6470706538739104 -0.7595653398215881 -1.302469517704276 -0.9440284269382445 -0.7564143895140482 -1.0623759514260944 -1.0602615861603266 -0.4323278281219683 -0.7466558595267913 -1.188003606834568 
-0.5569963391181934 -0.5051133505080376 -0.449134994139758 -0.0940280232613949 -0.6884748081899611 -1.1994091831118232 -0.4334161208725616 -0.7913408838196633 0.22181453486087366 -0.21368074851938101 -0.7737425456990705 -1.1711742483641707 -1.0150880487461138 -0.7598757613845993 -0.6769116600114777 
-0.5680164200090244 -0.752456638356183 -0.6636333193520251 -0.22141189979724699 -0.6422201731269055 -0.15825021239796228 -0.5580419046731778 -0.11254498937480241 -0.19190839426838407 0.43829595011268907 -0.5142900888017258 0.023091970550457714 -0.1773978859364555 -0.14646164095591038 -0.9513337813746101 
0.124645506174019 -0.4249161918355068 -0.43977907381917714 0.22038618567000537 -0.21236439677989766 -0.21933488009941776 0.024675689096241273 -0.06248375456949285 -0.5227217125320968 -0.6555355060128173 -0.8233977688943971 -0.6628277373345297 -0.6258927343506802 -0.16198867695631433 0.03373106833986696 
0.021498093116615217 -0.2778216340405314 0.21463496555977313 -0.2464408264689739 -0.45133781676311113 0.19827533514416118 -0.03133178951218006 -0.0011269310482602496 0.03924038019900872 -0.4462391782502204 -0.4695870065662427 -0.6367847867139631 -0.5746702093955081 -0.521316373573772 0.2106341116732338 
0.46275388973165904 0.34807033479562466 0.3557772117719149 -0.3934770775451389 0.0805265495619686 0.22819039079993925 0.3616985076467196 -0.1759736938508804 -0.34628447975650806 0.3653170435765244 0.24393478019913184 0.3302387439596399 -0.3243740351360687 -0.30642034301250765 0.33655857506634024 
-0.16802135125101808 -0.7897557351716725 -0.6480311480398596 -0.02045596275680828 -0.6468414186453299 -0.36417282619707725 -0.49550577966506937 0.011536183619669363 0.4698836315640029 -0.6539633504163432 0.04601134584654818 -0.21394971361520929 0.06432070884138805 0.06257880227076318 -0.9270367511269853 
0.13285530534295753 0.4160036364818017 -0.1516607990008442 0.24560436910776462 -0.09504644799056389 -0.43923838028941614 -0.566885456335532 -0.09954883505116631 -0.3191460477946954 -0.3453189888469819 -0.12461054596385751 -0.31649517365259366 -0.0010659422238001482 -0.29336904438100825 -0.31959810156755053 
-0.144868580816929 0.1592126428740657 0.007464138529828776 0.11907160721944203 -0.4080687019967989 -0.360281755564552 0.24368768808942048 0.1484531625281249 -0.4322697202459005 -0.2749344766852975 0.1714519195581951 -0.07213015243983334 -0.30950221137440237 -0.7956776485598303 -0.054547621161006386 
-0.8169013459922455 -1.055248533819314 -1.0136384417557247 -1.1265282634937523 -0.24090923169292344 -0.8764560061212734 -0.4394130992798024 -1.0980922072728525 -0.12108350155469991 -0.5297338746080451 -0.3619909873192932 -0.43359371205938635 -0.5394113107244706 -1.104432849919941 -0.4189642142450253 

 0 1103 0 1 
