27 9 9
1.0531910086763667 1.0417108712127245 1.1662209991482082 0.588387876658411 -0.9010272751311278 -0.06359916475933147 -1.5259560338853784 0.344552460009397 0.46442340571960866 
0.2185925985235108 -0.4872089761122714 -0.37049027188039957 -0.6308765030938018 0.898807959416019 0.4343674411189495 1.1524707029315437 0.6239226049806123 -1.024887193685905 
-0.6572474935077535 -0.1362603913945854 -0.7725071671680431 0.633117538710891 1.0623952674016182 -0.9426924659319004 0.7136951297200317 -0.08045191979615993 -1.3609669593739802 
0.20923765657360627 -1.665195031687307 0.44043706661070914 -0.2504027796002377 1.336840125290237 -0.6665213457230828 1.396181394911736 -0.7412524870053773 -0.9443492151161879 
-1.711286531774749 -0.6322004953519674 -0.30348689009124497 -0.23854046387260625 0.15911765010271842 1.3097373947608106 -0.36267422926495596 1.9976142688495149 0.2705225240696031 
-1.2856615317747488 -0.48116924535196914 0.5422631099087653 -0.5240092138726138 0.5714301501027299 1.6801748947608102 -0.6038304792649569 1.1847392688495109 -0.3499149759303982 
1.664525103913737 0.01992965688636149 0.8519903849614722 -1.1671450114036612 -0.8995713318913049 -0.5377222360099148 0.6105772759527577 0.8793026594429907 0.4124721125372671 
1.9635890368416211 2.706216287402365 -1.6728313698290147 0.5934750090863644 0.5534915412884315 0.49199650081772117 -0.09515067505420372 -0.33254491825044685 -1.4445006260100577 
-0.8998490317747343 -1.3151379953519684 0.5039193599087654 -0.3248529638726143 -0.26150734989727936 1.35323739476081 -0.17539297926495717 2.0200517688495094 -0.11463372593040042 
-0.9320199753150417 -0.5805756080809815 -2.425236175861457 0.22189472537981003 0.6046655754249061 -0.5334925401622724 1.4255018052839132 0.3998346328509638 -0.7875809705838623 
0.23912384852350918 -0.4222402261122716 -0.47430277188040665 -0.6971890030938018 0.4977142094160178 0.13992994111894966 1.7320332029315475 0.8034226049806122 -0.9513246936859016 
0.9920300985235129 -0.13645897611226743 -0.5743340218804017 -0.3005015030938089 0.9612454594160189 0.5338361911189489 1.7547832029315473 0.47373510498062166 -0.6639496936859003 
0.09332463861135538 1.055361915919223 -0.9022094919236574 0.39239193147824625 0.47626126043819417 -0.22153327545684534 0.17222354317226685 -0.141404930876182 -0.4669694650765086 
0.11895234991864063 2.0138721402927198 -0.6837254837787494 0.40627031831112964 0.5397426421113584 -0.09813987020882424 -0.410486265191688 0.7384880672092258 0.3467885057422146 
-1.949298514007755 -0.315627883707462 -2.0538146677165576 1.0333356122126824 0.9072719570980625 0.6041196150857551 0.6033544969199514 0.2801338809363615 -0.8482917497651313 
1.7815188238385447 -0.11541461803128253 1.6115896539810628 -0.7468024784736207 0.3936736339911226 0.45310998128122104 0.6392501476476359 0.6719629721296577 -0.46480622310204583 
-0.5929842034199078 1.446529250636871 -0.5399763872112916 1.1421984732829487 0.7940985684237791 -0.674874432507697 -1.045083280039243 0.15290804434703673 -0.8873929807645793 
-1.2064025920312547 0.7464173347176932 -0.4438293952876471 0.9814315418046985 1.338837307985601 -0.3172474070508542 -0.5920255732115147 -0.8641557747767757 -0.6902985156880814 
-0.05434280333855137 -0.19371788965584305 0.705155346567449 0.6588031549718312 0.7470746763124277 -1.5671408122988781 0.43809048515244214 -0.9514237728621793 -0.5914627365067959 
1.2422258940015927 0.9504380489178155 0.35120866491821096 -0.42650157683158424 -1.2318367808691182 -1.596310452585705 -0.5243573838065235 0.9399126235861826 1.6490460911466622 
-0.17251618655967363 -0.2160661725764014 1.9148142453329664 0.712080215183722 -0.6767533754330962 -1.4322909639708967 -0.5865264849986202 -0.002763787523633554 0.9898660347928795 
1.8395753383994398 0.9596156232219004 -0.8384593641698724 0.889206193869059 -0.6589340602389492 0.7813314299075901 -0.9673538627940571 -1.504893090440284 -0.4640894380663675 
-1.7268810590823764 -2.33699719996653 -0.5750705859723134 1.2748903636525064 0.043299479635514726 0.4199286767539841 -0.4284875325347816 -1.377967452915664 -0.15322996806721886 
-0.34715988532519915 -0.4853521777050947 0.7281685842299943 0.9515769534899964 0.5093407557379994 0.6216800378263802 -1.2640361500788364 -0.5148601635767846 -0.3507476854270541 
1.2416135777826702 -0.180191962419958 2.5748999980154075 -2.0508251453188957 1.974932706376424 0.11224322002204172 -0.736768076452926 0.9872191783972083 1.6011431184826 
0.08746975394411977 -0.3728085943886727 0.9127165940343424 -0.781272666845295 1.7254153223852908 0.4068207387408178 -0.5709244741005695 0.2958812062675375 2.5666368415846295 
-1.0004140955496734 -0.8288181492245585 -0.06225972039009963 1.080730319233617 -1.8583370133717794 0.23762455965302173 -0.33469814973198064 1.0769174595159527 -1.6537663446478776 
1.2374424928497951 0.6034849739973465 -0.17700033455996636 1.6065615131026805 -2.9996148236106976 0.4731434895606225 -0.9883332625260377 -0.8220693809243512 -1.7829182827142196 
-2.0915516017988107 -3.908299525485384 -2.445091532962766 -3.728035782210972 0.6208833745814777 -1.2032002495560412 -1.2724969151178667 0.015223701136064534 -4.112716180799954 
-4.90199842013413 3.800330606391592 2.261421291707432 -4.549611857645276 -3.023104259689541 2.991827532450783 3.141271679391931 -3.7123306762466712 -3.175737359285949 
-5.084115651953036 -3.3029262057029554 2.4970447212830895 4.657481143761592 -1.5855492314947797 -0.2971784022312913 2.2031076907964504 -3.4269192273283484 -3.316334074435155 
-6.1036396885126 3.7209786735847263 -4.361627994782144 -3.7589747080157685 1.0248179271255489 2.7345186951948888 -3.051617089073827 0.25573404726077287 1.4507701884796227 
-1.601494214135252 -5.055208446277418 -1.8836672985180973 -0.9944158098698951 1.8817024847756454 -3.1333017541725616 1.1728603096694905 0.0188598874539716 -4.439958994911712 
2.304733419851835 -0.13093043374739244 1.68521361624527 2.3075152015309 2.348601383013603 -4.597414917471188 -3.5049645557360876 -7.425345957153357 2.4005056296389045 
1.4525672913271785 0.8920732704430634 -5.8704881117488155 0.5500731642204122 -4.786624338105531 -4.700118590890652 1.0106131588744167 1.695160558483325 1.3904504691851527 
4.615449032747376 2.038413470606046 2.558482820802643 -5.2627562539084485 -1.5866701727697337 -1.590482199191803 -2.790454098008162 -2.9422517461806117 -4.140534635846987 
0.03930316422118598 -0.8997731838187947 -0.01780436567687904 2.03257411017491 -4.687889263722348 0.18274682715186924 -4.880194649836752 3.1963629786141605 0.4928180994924322 
-1.3810747855873233 -3.937920712613304 -2.4795576670024344 -2.7541882762459546 -0.7953989160844301 2.6448731726273627 -2.2355829383142427 -3.2433371227794905 4.8274094592290515 
 0 1  0 1  0.0003810054266057446