10 30 30
-0.22025817996963948 -1.3833577384544915 -0.9460641662043563 -0.5995821310651276 -1.1557958394392833 -1.4412625948439781 0.4861124906308882 -0.7735342681106158 -0.8245852749327786 -0.9586056379410456 -1.2637452923489854 -1.6064743687778056 -0.12978524602421282 -1.3530395361167333 0.06150022679865185 -0.32113762943885793 -0.05819940850009199 -0.4494168824427967 -0.3614763236129292 -0.978738957033999 -0.6170156520370198 -1.0891376483672428 -0.06792418539936286 -0.6524101371919313 -0.9450212142990133 -0.9896471893374627 -1.3287230893083255 -0.25007596483910766 -0.9750131760629444 -0.8784825947437405 
1.7540383229719418 0.0038451092339029987 -1.4711371392493848 0.4181721601846302 1.7641101629563998 -1.7705465534091527 1.4709774499056358 2.032846110981509 -1.933602827442958 -0.34250807830603563 -2.0036888972260334 -1.0934287827087898 -2.7678931920970324 0.46934905919844727 -2.752680904028905 -0.36213886505668863 2.2123418068533667 0.4586275179247569 -1.8389397543730186 -1.44506800245999 -1.2101823337213304 0.3375271251500063 0.046715103743223976 -2.2273926900887644 2.8547406436929093 -0.4842073927478743 1.1775901554871968 -2.8431550882703838 -1.681070520110496 1.129652719673654 
0.24656903175176742 -0.23345916506029535 1.239957909236625 -0.8355996407097782 -0.6544276675473735 0.49282831618766354 -3.372724854151806 -2.1099639657952305 2.678838086317424 -0.41883368323396813 0.6089248695938834 -0.20644790750752395 0.19243107037898793 -0.5235423665039578 1.47115598481741 2.0937428009876826 0.9521623999915124 -1.9054768228937575 -2.0121007657454504 -1.254170094595088 -1.5420524961335156 -0.7092598204103189 1.8801425745920146 1.839378133266098 -2.901605703894153 0.05174293913315681 -1.5578296894830443 0.4924628909334142 1.7282910628449168 -1.145899370398641 
-2.2174905346933462 -0.8943374326281026 -0.8264786861916174 -1.6442796505399795 -0.8496658348482807 0.1885181423775031 1.8652036448770652 -1.5881039132969175 -1.8374767838072383 -1.4276388764010317 -0.1208250147168271 0.20812107143849523 1.842989375693812 -0.6176274788112089 1.2299001460101557 -2.167835315369849 -2.5697661153449807 1.4776824225262084 2.4086579465055427 2.403342890021056 1.7710004278178182 -1.1280924531069378 -2.417625613734629 -1.00980183036926 -1.436624904097743 -1.3804952357227476 -0.4358273053124596 1.9949912324978596 -1.1041399687973439 -1.3598609440187541 
0.35203125 -0.39949999999999997 0.14 0.22703125000000002 -0.323 0.21546875 -0.266625 -0.46209374999999997 0.08109374999999996 -0.017625000000000002 0.20475 0.3315625 0.495375 0.28156250000000005 -0.027312500000000017 -0.28996875 0.44446874999999997 -0.19609375 -0.3804375 0.26690625 0.3361875 -0.14171875 -0.08978124999999998 0.14703124999999995 -0.072625 0.22440625000000003 -0.11146875 0.11796874999999996 -0.20128125000000002 -0.08887499999999998 
0.39265625000000004 -0.41925 0.17440624999999998 0.19128124999999996 -0.21546875 -0.42771875 -0.28315625 -0.38671875 -0.348 -0.20821875 -0.22375 -0.101875 -0.072625 -0.46115625 -0.47596875 0.49612500000000004 -0.06303124999999998 -0.04271875000000003 0.25856250000000003 -0.43478125 0.033187500000000036 0.18862500000000004 -0.39334375 0.369375 0.20190624999999995 -0.31209375 -0.20803125 -0.21931250000000002 -0.1156875 -0.03031250000000002 
0.4303125 0.46809375 0.12090624999999999 -0.36924999999999997 -0.48346875 0.051875000000000004 0.291625 -0.1589375 0.10309374999999998 -0.43390625 0.42040625 0.401 -0.11062499999999997 0.21634374999999995 0.3721875 0.26609375 0.24240625000000005 -0.38956250000000003 -0.13678125000000002 0.03659374999999998 0.18234375000000003 -0.03365625 -0.052656250000000016 0.14431249999999995 -0.45490625 -0.29509375 -0.05262499999999998 -0.18225000000000002 -0.0566875 0.015874999999999972 
0.05915625000000002 0.20871874999999995 -0.10090624999999998 -0.39253125 -0.332375 -0.3365 0.37621875000000005 -0.12940625 -0.063 0.25615625 -0.4309375 -0.16940624999999998 -0.24140625 0.43365624999999997 0.3824375 0.18262500000000004 0.399 0.39821874999999995 -0.36331250000000004 -0.32146874999999997 0.23412500000000003 -0.07590625000000001 0.29381250000000003 -0.36459375 0.39253125 0.20006250000000003 0.02603124999999995 0.05034375000000002 -0.10412500000000002 -0.45259375 
-0.45296875000000003 0.42246874999999995 -0.1434375 0.12624999999999997 -0.35928125 -0.16453125000000002 -0.0605 0.13265625000000003 0.1514375 -0.15203125 -0.37540625 -0.27946875 -0.08787499999999998 -0.48315625 0.40190625 -0.020000000000000018 0.276875 0.42678125 0.30640625 -0.08431250000000001 0.26153125 0.17312499999999997 0.34606250000000005 0.11465625000000002 0.10112500000000002 0.10028124999999999 0.43015625 0.27303124999999995 -0.20153125 0.033937499999999954 
0.45540625 0.10287500000000005 0.28615625 -0.1040625 0.35087500000000005 0.43737499999999996 0.387 0.059656249999999966 -0.40571875 -0.47478125 -0.20575 0.17581250000000004 0.09065625 0.13412500000000005 0.12490625 0.07190624999999995 -0.10118749999999999 -0.24265625000000002 -0.44765625 -0.06231249999999999 0.19784374999999998 -0.09853125000000002 0.32899999999999996 -0.2533125 -0.31725000000000003 -0.280875 0.4891875 -0.35409375 -0.42040625 -0.3773125 
-0.36993750000000003 -0.446125 0.10612500000000002 -0.0773125 -0.29159375 0.13356250000000003 -0.14753125 -0.13256250000000003 0.12412500000000004 -0.44928125 0.08340625000000002 0.15375000000000005 0.3904375 -0.3878125 -0.331625 0.4095 0.029843749999999947 -0.49534375 -0.012562499999999976 -0.49821875 0.28859375 -0.08253125 -0.33999999999999997 0.05743750000000003 0.08056249999999998 -0.3390625 0.0038124999999999964 -0.21296874999999998 -0.08912500000000001 -0.2054375 
0.3883390650075329 0.5360447485862503 -0.11057994518792255 -1.3783784380315918 -0.9662042304505435 -0.024534412686767215 -0.047189838849296124 0.4252700790172728 -0.2667053719601595 -1.4916850364998753 -1.0044327726901352 -0.9972727424338057 -0.8192070450400545 -1.6890905323158811 -1.2140321765964155 -1.1049748331880398 -1.206962612307816 -1.1508201024232012 -1.4661369446185362 -1.43959595706124 -1.0788450629137518 -1.6057969303074815 -0.8837920751352628 -2.0149823937388485 -1.4373233898961841 -0.9137355035485795 -1.4175241516386174 -0.9231712394912092 -1.0732991886263328 -1.6638359882235003 
0.8602160567993291 1.1403443939805915 1.0714596692582463 -0.594258135041816 -0.27136359161802504 0.06399732546867386 -1.4263438272989484 -1.3302919148759649 -2.010763659870536 -0.5482478339703144 -0.9260713329881846 -0.26092451932828536 -0.4487181554687993 -0.8640565335439646 -1.1923501985839204 -0.770686036433483 -1.0352359688584247 -0.3492610995147331 -0.39859930857635373 -0.5485642076410248 -0.6524533817411764 -0.617671302184609 -0.6570410644073201 -1.6016675191596879 -0.555523163712362 -0.6115296578575635 -0.40716836396191963 -0.4200204377312481 -0.3708082935651801 -1.4649229385896214 
0.47744096641104283 -0.23146789422186873 0.06970039803604876 -0.5151164198552342 0.050395993776394324 -0.3312998908804977 -0.6368555605591261 -0.4276512398987282 -0.5426748229955816 -0.31589543332199094 -0.6915557716897046 -0.12203915160018064 -0.03817264051739352 -1.1203226429250115 -0.3386341564685483 0.0012523244476472207 -0.5476705271278126 -0.4671687326173793 -0.6436111332974095 -1.0330396709458176 -0.9434602126529714 0.05672898430417598 -0.6467585294890687 -1.1203564996525934 0.07959390122695528 -0.3608442332264283 -0.2817592289556522 -0.1917512046488985 -0.20243617050115542 -0.8094570967731767 
-0.9960639519158925 -0.8648197066926797 -0.47036215225596784 -0.6115562522796624 0.6275495701192364 0.969686607146368 -0.6662902340128798 -0.7562704992975801 -0.5229355730200958 -0.6745657002684926 -0.909134307335769 -0.7235460565185622 -0.7095345918624082 -1.2547321280811599 -1.1275473369673221 -0.8301361960323226 -0.6231461529153635 -0.6549250852604348 -0.09683806601079469 -0.32428546872226427 -0.7994363168605231 -0.8462832512352934 -0.5263341954446208 -0.8012968907538974 -0.6276480177293294 -0.9331064587213497 -0.30905472693915187 -0.7413026584588375 -0.5581566816416298 -0.8168172610699243 
0.07143890010312892 0.36986358232822797 0.5812446119656272 -0.4709425448850214 -0.637354930509322 -0.06961162195380698 -1.125216075980095 -0.5056025103532091 -0.833816201017817 -0.21684834197718436 -0.13297639066194425 -0.4451903506565766 -0.3299917259308436 -1.1589033397212352 -0.5260415156940634 -0.7777092781199327 -0.4640633951626744 -0.6692687108376653 -0.5046416716905335 -1.078722129136365 -0.5671337538446812 -0.24709193657284675 -0.6270541204757076 -0.8229732214689701 -0.4989428585764667 -0.8023835675433504 -0.8654074192781097 -0.2833911513195758 -0.8389347566426958 -0.8666029492654681 
0.7217768896257837 1.01030576407511 0.8188100477172289 -0.5448963191964198 -0.9710094841046035 -0.5862081085016135 -0.8709704090200701 -0.5467558869858458 -0.771458929635053 -0.5840414393129363 -0.8144730821312083 -0.20967880732758837 -0.9312182221471014 -0.6254001242166422 -1.31613767145922 -0.5768894908679286 -0.34684698329080166 -1.1315683862647679 -0.871439480765566 -0.3058048340190642 -0.28547123087976456 -0.9134866595785196 -0.8295815784771599 -0.7067752323784944 -0.43962729584093924 -0.33175083884030276 -0.3534320298813332 -0.8443062742339806 -1.0415994427205875 -1.0692008839575022 
-1.4435118256303845 -1.3438882928274032 -1.0358455332552752 -0.8077365052382417 0.15758503932928183 0.11158415289706324 -0.17366381360696975 -0.21959412552566107 0.2700328857446123 -0.1829205003772544 -0.8446832012489778 -6.2709582142325e-005 -0.23167233594797804 -0.7236650363836323 -0.7523920550519172 -0.6107421003893965 -0.37560047602902935 -1.00318485340796 -0.46457714111605714 -1.2723861150968465 -0.20166561993785612 -0.33298357833241704 -0.5638858672761833 -1.5651795777048962 -0.10576456470979637 -0.7017312544712263 -0.3280497868735731 -0.3107864103242115 -0.7477540251811984 -1.5306395954645406 
1.2888310657551985 0.8138472111336161 0.7323662494282821 -1.3976929379716008 -3.9226213766479923 -2.8309744645611614 1.4337358081215912 1.5497170515118177 1.3735443227766615 -1.168213244208793 -0.44222141706462675 -0.9273714625969418 -1.0547979603624722 -1.5172892437065622 -0.7839689704226255 -1.1151724675491643 -1.1538278899131094 -0.8937930361602862 -1.0987155253467473 -1.3066773297425427 -0.9191597891591791 -1.0925558753119422 -0.6272861353365337 -1.4030441327533263 -0.866010377696904 -0.34735975059610036 -1.0313983644485523 -0.9989703656535942 -0.360081184647657 -1.2564277793498209 
0.5211752486079313 1.311741602728027 1.5354031199591605 -0.8555869230821483 -1.9172067263198196 -1.5396927142145744 -1.317478912571361 -1.0577981896177393 -1.0800455351173384 -0.9432433526123976 -0.2198351644138523 -0.28655669551349805 -0.966489191152497 -1.3670133987694848 -1.18145699938708 -0.9313746217757628 -0.8920618025943222 -0.8841458189363273 -0.11647784795822003 -0.6440766105381868 -0.689205463757723 -0.5794795932298119 -0.678539571095384 -0.9449258682570498 -0.5986956200489321 -1.1039812026605398 -0.6007429763935662 -0.4947650481684796 -0.8360242658303299 -0.6371749748069716 
-1.3492248825532602 -1.3567998354324147 -0.7931741634721933 -0.8730627892350383 2.1504810418330433 1.4248273993152634 -1.4806675542215897 -2.324396231288099 -1.6592898013699189 -0.9051777258763822 -0.33294372637722097 -0.8984474469864644 -0.913019797988855 -0.740840328758227 -0.578148962944772 -0.4410553500660313 -0.05886332859571336 -0.4827637733058436 -0.8686235867024635 -1.069243240096793 -0.5306553820531353 -0.6177583520260088 -0.6851342557356909 -1.3433648541410501 -0.8507927232545267 -0.7148506605036192 -0.8550904565684407 -1.0772561753100625 -0.33152243719642704 -0.9818381592903263 
-0.3159980069145444 0.06178111535347194 0.49407764655184183 -1.3939362596168103 0.2710940225769095 -0.41551377473155837 -0.4401491894877702 -1.0483969558720054 -0.7624031742505059 -0.8225801011454288 -0.7492174038124173 -0.8034321291650242 -0.7584398665422998 -0.9823522904894125 -0.5360697457371791 -0.06391886343410841 -0.023735017361877747 -0.745796290702859 -0.4631364857122595 -0.47769926409074265 -1.119203153864071 -0.21556769356395938 -0.3257671270309991 -0.8710612664423809 -0.5273598992744466 -0.5897300104190729 -0.18615071349523538 -0.7865145539899331 -0.30162901056363806 -0.8161394046172009 
-0.9393660934177956 -1.523578423056512 -1.347503099577821 -0.9516924684901434 0.43492893712417835 0.48556035411449694 -0.43986330436312143 -0.5160786548402371 0.5688111545796225 -0.4924922929380552 -0.435950175683254 -0.5465881611317257 -0.4765514067519655 -0.8239623349401899 -0.6150562597209714 -0.5107796711618252 -0.20788120149004866 -0.5830937276295863 -0.4333993966820437 -1.0506702145221807 -0.44463007974819685 -0.5916968568091425 -0.23126077763688188 -1.1213045688207206 -0.33712945008285455 -0.2656370127908178 -0.5367809338709413 -0.850944992139677 -0.6920707013809094 -0.9509134606216092 
-0.572562474803866 -0.693791579144521 -1.0565822943009902 -0.8357872770811429 -0.4053551707862019 -0.0405426777791263 -0.15177990504856778 -0.048419421649907673 0.37543582053222896 -0.2770136520423872 -0.40924630333301815 -0.17388257713818253 -0.588325298187957 -0.6572836151203028 -0.9589801736549366 -0.22102854428443028 -0.18978182796250592 -0.4267037342707801 -0.8578588908970579 -0.7042661424483377 -0.9968977147355793 -0.42516772016466114 -0.8483126721896434 -1.0360236366076836 -0.010960220971402073 -0.950725734294196 -0.27542692946783637 -0.583502896260994 -1.0192935290809995 -0.8323854338509051 
-2.1216942701901544 -1.797893048074664 -1.9771805366870492 -1.0499037502066018 1.0945320222498187 0.1143630749827385 1.2673295868065646 1.571858408560689 1.1446665160449163 -0.18867235592485154 -0.7987287831293025 -0.6762147663568127 -0.24362992207620718 -0.5219045107823821 -1.1951074751009538 -1.0128309523596024 -0.8099414079085699 -0.39605066448643184 -0.7077993876368879 -0.355363477470866 -0.38341622588167484 -0.2710594169897248 -0.900518639972756 -1.0840761210024437 -0.6364375556327224 -0.947330775984034 -0.8369893593404388 -0.9751051128080175 -0.5060967417116856 -0.7649968618937617 
0.15494879093672645 0.5576362933767369 0.19296884533364317 -0.7215838120035487 -0.5545445396880604 -0.3686838681033294 -0.19569309695540285 -0.6450299688514236 -0.38545594983096826 -0.4415185171581083 -0.10865583881476829 -0.8689280374870138 -0.9711030670707515 -0.38511708757062635 -1.1854005679617905 -0.5121435834086972 -0.11847994071358714 -1.024152756388629 -0.41764779064631713 -1.0006507070797759 -0.8609703004297157 -0.952286596858453 -0.3388063041249332 -0.9681156483374449 -0.1257022112873992 -0.3500412741242725 -0.035176906847435546 -0.06205624710089403 -0.6388521965553843 -0.36155941442696127 
-1.9724550778793237 -2.285506067275893 -2.308929195743379 -0.5211212574598113 1.042883206504949 1.3412766725685443 1.2133620017083786 0.34023908787673046 0.6472143162068799 -0.9816626197585542 -0.6900238094944178 -0.41556886349007827 -0.5068384501317537 -1.112487006021958 -0.7779786997408417 -0.40410235640620934 -0.5824174065498651 -1.1836656164146977 -0.716110011939701 -0.8580170171633297 -0.8922085700012914 -0.3329115692455613 -0.5079604643225842 -0.7830426151430361 -0.25954823449798925 -1.0579609062863782 -0.40085252710220615 -0.41799737790318786 -0.6953457766906517 -0.6449036212001246 
-0.1019945316525927 -0.5523965050258168 -0.32457528703271515 -0.675806126107975 1.1868663265720312 1.3140269226688046 -1.185948743944185 -1.9983679758651305 -2.1152788052281517 -0.21350621171186587 -0.14524102472236208 -0.7729201634282995 -1.1610998968109734 -0.73178933842996 -0.6049105125675983 -0.9990156356463925 -0.697197849388603 -0.793000002384369 -0.37689225228373724 -1.0196360642689295 -0.517199668354611 -1.0686040798879508 -0.15532245807322115 -0.9588599354781191 -0.1486343176174955 -0.9096186744686429 -0.8947592634873391 -0.5434642699451877 -1.0377954474869622 -1.07423135131354 
1.3330085498178463 1.0669799577698573 1.3153726307325977 -0.5153315550555745 -0.3713772169345744 0.3947263938088827 -1.7236955318781264 -2.1814601338571844 -2.670580630304172 -0.6964697269138578 -0.8086105095551776 -0.7499728636360922 -0.1267993557161246 -0.36050290176225747 -1.1097713866105254 -0.765022280132793 -0.2993546280506924 -0.7019407575065485 -0.8840852196186225 -0.8463707051621537 -0.4531585746933635 -0.055354557188592446 -0.8630520547344466 -0.6432885927495039 -0.9638114856013837 -0.246461431200978 -0.6640061197397973 -0.22852397136784838 -0.22839752328503848 -1.155805767684067 
0.18171532246115313 0.32462352755183144 0.05951725494046244 -0.5927528149170618 -1.6451386443584828 -1.900293102959849 0.9177061915071265 0.7888938581749251 1.2744096680177177 -0.27813646096534894 -0.8864714316682033 -0.11775359318324759 -0.9798488372683074 -1.0063666743903812 -0.6145764566209536 -0.9010708498690123 -0.4106990023185631 -0.3513422499206859 -0.9128009946843139 -0.8390629472811797 -0.3299430792990466 -0.6570196536554621 -0.8813741868185488 -0.7474238027524722 -0.20884078454571767 -0.6420332405278819 -0.886118084304795 -0.5683053980745396 -0.9240622293967231 -0.7120657665923884 
-1.2621446382855148 -1.0829901617351965 -0.6795874104419523 -1.0782076656449893 -1.3994793225901465 -1.8309789547813227 1.6091093669522585 1.5161024650925978 2.5179478211709236 -0.6410469539400934 -0.8234727087117509 -0.11842226057739906 -0.922877869961614 -0.5157210271818269 -1.0164877678376347 -0.4185771605446094 -0.7954309953893997 -1.0293689002306199 -0.16030866233833999 -1.2577089347187307 -1.076537004418225 -0.8568645695524539 -0.6031509643967201 -1.1946383411854267 -0.5740646294746744 -0.9081964464390316 -0.10963918857213423 -0.6141141625670724 -0.9496726355882517 -1.057721016031094 
-1.110300806425146 -0.990410115275685 -1.0781235144745325 -1.1736465394901228 -1.0069970383499582 -1.4534163759972811 1.10033539176893 0.9096482064884316 2.4105288896447585 -0.28088811583212236 -0.15392578131166282 -0.8916871901283704 -0.5624034820766419 -1.1310873322952875 -0.8934870429845441 -0.5996814750865722 -0.7538988613175672 -0.9010026857458388 -0.39422607190136516 -0.46711583408516333 -0.9782290438916653 -0.4048921667312358 -0.17055328056355423 -1.5657145158498131 -0.6649677357951315 -0.9969366056938609 -0.817609408005109 -0.9823918918167489 -0.7813550566573363 -0.578810691459686 
-0.8311655888910551 0.10356039646539004 -0.7782107794601324 -0.3269600555685974 -0.8483396932688772 -1.2199373351884466 0.9029477324651386 1.1528303206137138 2.0410950850966274 -0.5267130109487266 -0.6906966010029357 -0.863811614658656 -0.49028777767465126 -1.1215194812600973 -0.8999290372197912 -0.27605927487690923 -0.6627739804453223 -0.439044352438656 -0.18550777549010533 -0.782132664960445 -0.6445427129038548 -0.2549181691749889 -0.4658421884950748 -0.9964505012159602 -0.804143769173403 -0.12939396678061907 -0.37473561442478914 -0.3585471208027384 -0.6787529694895169 -0.637628946150859 
0.10140227093669364 -0.11812862896409285 0.07052717516156572 -1.0572376333782696 -0.9033616311358862 -0.27845739019235743 -0.7899268574284166 -0.6005596287165913 -0.8743425032475509 -0.37022472691013253 -0.896703408312641 -0.686759647875506 -0.917815195409146 -0.8096850539675635 -0.5995464106772734 -0.37483190510060443 -0.34498537447760946 -0.42842877889806646 -0.9560984029645652 -0.49715493805117816 -0.8454222667258825 -0.0961569201675097 -0.4929550545008892 -1.5586900262734678 -0.7545505697965848 -0.3742513787183782 -0.5606456315897216 -0.8064701155200644 -0.6028141993716393 -0.6943774727111034 
-0.11498765938970329 -0.43066298011783394 0.05054624392543964 -0.5329092590601787 1.0848724174879703 1.017033439532443 -1.6937818589895592 -1.7541794368600059 -2.3856640814714183 -0.8219796958775347 -0.9830735073563922 -0.997666059326861 -1.0104217795655592 -1.4148581788382362 -0.6501950689231706 -0.7933804405651502 -0.8936039620041358 -0.4435493246158002 -0.7468745242947646 -0.5252364123908049 -0.9657494475906612 -0.7034535474469346 -0.4757396567375471 -0.8792276662770904 -0.7827322694457448 -0.4272578445770879 -0.549781799736067 -0.16443950357211293 -0.2205968819380401 -0.661474466906694 
-1.1266334756093894 -1.181863507845985 -1.256387193575944 -0.009915055187393192 1.8497513988143237 1.4432545117642257 -0.9875150627212472 -0.5874050235553131 -0.36403072877593395 -0.7433012604616434 -0.6590250825769423 -0.6708410566615048 -0.47327500219382007 -0.37843449386132183 -0.9797124634511004 -0.2948488218976717 -0.5847921121815802 -0.17676127400809075 -0.0010461863978088982 -0.7565696974898865 -0.28823326259005616 -0.3459309856659611 -0.4615867727348704 -0.7643432279469032 -0.8092086388109446 -0.37276730181324763 0.0201903827843362 -0.3875946494154207 -0.6158787638455699 -0.930418760458943 
2.110967768451016 2.083607010234172 2.090379140673155 -1.0706530008853699 -3.088960421338349 -2.3089533462413496 -1.3527063396093155 -1.345044141433942 -0.5824833507030356 -0.4281638753014707 -0.4644442551018494 -1.152754369539452 -0.48745676622405504 -1.2059974139062186 -0.6909356841746106 -0.36801517486252905 -0.15578950436264571 -0.6341598466486202 -0.5006584806331432 -0.615883984043189 -0.5309055411681009 -0.09052217725324512 -0.8469350231903955 -1.6402135582368182 -0.2989819422144596 -0.9295177447336371 -0.2209333463684968 -0.9097632111692353 -0.47227048030678526 -1.2912806149937373 
0.3501989712873781 0.11885823970620622 -0.07492112717069303 -0.24221348406990675 0.2764908645434489 0.4580764908966643 -0.5886423984394041 -1.0601771722244697 -0.33066470861297126 -0.28035256421876564 -0.5352769259133017 -0.48537274458098034 -0.5569350646703796 -0.38503198706287844 -0.8726339202793116 -0.5906253808163294 0.1850140614356927 -0.2891075861170719 -0.13951829534769808 -0.048533616025559265 -0.3393046869098071 0.1225389615508342 -0.14501990983093216 -0.7090765968115976 -0.6635854264563493 -0.14186966410553956 -0.5933560620463243 -0.37469865919944567 -0.8647323510196256 -0.7322553800664651 
0.6773552324912497 0.04690011652123934 0.5484769727861213 -0.6366413291836817 -1.5029638341256268 -1.3632595724540637 -0.9932257074555759 -0.6573029181378244 0.503846000527915 -0.8049937832616729 -0.2453856225533415 -0.16320752056211127 -0.1269391785070386 -0.587209813938689 -0.9869808943479184 0.012062261190641993 -0.6184109832222925 -1.088772820972879 -0.7743076009391275 -0.8397150677975102 -0.06763553456494566 -0.5763115242110575 -0.7232156215882529 -0.9048813554592528 -0.7312119071810761 -0.6015579781637036 -0.9139098571149125 -0.9508507291686099 -0.8721613907365927 -1.0652745063152647 
-1.8303228361615513 -2.3587937315638565 -2.2737939888645546 -0.9938462500013191 0.993476028086811 0.29960198635890856 0.9840380937346174 1.381533800934606 1.485453360971828 -0.21717619766310847 -0.8018329369259418 -0.997933017528368 -0.45421708533781135 -1.0220123342721938 -1.3119525122295024 -0.29421709931897266 -0.888663859424489 -0.9396401523842124 -0.5267315676960762 -0.9919990309905038 -0.6891459888558399 -0.7982724479584541 -1.0732790009581137 -1.227409884281818 -0.6661760790862015 -0.7739651777605895 -0.6440223149068876 -1.1753910001318801 -0.7962438695878399 -1.6741795171704814 
-1.4579897658171883 -1.3064102511516729 -0.8060327329520619 -1.0913756418575993 1.4823783993675341 0.8566464324043694 -0.6350167601771826 -1.028520313488916 -1.0460581450440178 -0.6020989557318368 -0.5980724548892811 -0.93982300278856 -0.3252652757406025 -0.9820142111340279 -0.75462279210887 -0.15348895859985415 -0.6402439116688786 -0.6024169073404839 -0.14660825859555476 -0.45017695571217886 -0.42167976127324763 -0.9389995327045807 -0.6134042439431262 -0.8612732768225587 -0.30469599447095963 -0.4852382131234318 -0.5945105809205449 -0.5114816539263051 -0.2609652226922521 -0.7643788484106494 
0.9659251143171607 0.7339291544924641 0.5363360136586883 -0.7911597286621678 -0.9730888865648627 -0.31300404910090146 -0.8202236855258979 -0.5124302268303956 -0.7517277716418018 -0.02577014224495024 -0.8186884513289855 -0.6145778022914253 -1.0024721470651239 -0.7930055705315318 -0.7022998172284343 -0.2785619549922919 -0.2780387488837189 -0.5470719954620438 -0.4496428084437788 -0.353991209653909 -0.33073990798687997 -0.9890086423368449 -0.13435218400870227 -0.7264134832820725 -0.502552026383622 -1.1488275126940524 0.024515397951986095 -0.5478117049651022 -0.12771372086079175 -1.0547732809902972 
 0 1  0 1  5.5099074255757876e-005